Millis
148803.000000
149699.000000
150546.000000
151426.000000
152274.000000
153105.000000
153969.000000
154865.000000
155712.000000
156592.000000
157488.000000
158447.000000
159375.000000
160286.000000
161198.000000
162062.000000
162893.000000
163757.000000
164556.000000
165436.000000
166364.000000
167307.000000
168219.000000
169115.000000
170010.000000
170890.000000
171770.000000
172665.000000
173497.000000
174377.000000
175288.000000
176120.000000
177016.000000
177847.000000
178663.000000
179494.000000
180326.000000
181158.000000
181990.000000
182869.000000
183748.000000
184612.000000
185524.000000
186372.000000
187220.000000
188051.000000
188882.000000
189682.000000
190514.000000
191346.000000
192209.000000
193073.000000
193953.000000
194816.000000
195680.000000
196592.000000
197471.000000
198319.000000
199167.000000
200014.000000
200894.000000
201742.000000
202621.000000
203469.000000
204332.000000
205196.000000
206076.000000
206940.000000
207803.000000
208667.000000
209562.000000
210362.000000
211178.000000
211930.000000
212602.000000
213385.000000
214185.000000
214984.000000
215784.000000
216472.000000
217176.000000
217927.000000
218695.000000
219462.000000
220150.000000
220918.000000
221670.000000
222438.000000
223237.000000
223893.000000
224629.000000
225364.000000
226132.000000
226852.000000
227572.000000
228323.000000
229091.000000
229826.000000
230627.000000
231346.000000
232050.000000
232818.000000
233601.000000
234385.000000
235184.000000
235872.000000
236576.000000
237328.000000
238063.000000
238863.000000
239615.000000
240318.000000
241038.000000
241773.000000
242557.000000
243261.000000
243997.000000
244733.000000
245468.000000
246188.000000
246940.000000
247596.000000
248299.000000
249019.000000
249755.000000
250506.000000
251210.000000
251882.000000
252586.000000
253305.000000
254057.000000
254729.000000
255448.000000
256216.000000
256968.000000
257688.000000
258391.000000
259111.000000
259831.000000
260582.000000
261254.000000
261942.000000
262630.000000
263333.000000
264037.000000
264756.000000
265476.000000
266180.000000
266948.000000
