Millis
71666.000000
72641.000000
73585.000000
74481.000000
75408.000000
76368.000000
77327.000000
78255.000000
79135.000000
80046.000000
81054.000000
82045.000000
83021.000000
83932.000000
84828.000000
85772.000000
86683.000000
87611.000000
88507.000000
89338.000000
90250.000000
91258.000000
92217.000000
93129.000000
93976.000000
94792.000000
95736.000000
96711.000000
97703.000000
98647.000000
99494.000000
100454.000000
101445.000000
102437.000000
103301.000000
104244.000000
105236.000000
106147.000000
107043.000000
107906.000000
108882.000000
109922.000000
110961.000000
111905.000000
112833.000000
113808.000000
114784.000000
115631.000000
116511.000000
117423.000000
118334.000000
119230.000000
120093.000000
121037.000000
122029.000000
122940.000000
123884.000000
124811.000000
125707.000000
126555.000000
127386.000000
128282.000000
129258.000000
130169.000000
131049.000000
132008.000000
132936.000000
133815.000000
134711.000000
135655.000000
136518.000000
137350.000000
138166.000000
139061.000000
140005.000000
140837.000000
141652.000000
142564.000000
143523.000000
144435.000000
145266.000000
146114.000000
147105.000000
148066.000000
148913.000000
149745.000000
150673.000000
151584.000000
152480.000000
153311.000000
154191.000000
155151.000000
156126.000000
156926.000000
157757.000000
158701.000000
159645.000000
160492.000000
161356.000000
162236.000000
163196.000000
164091.000000
164971.000000
165770.000000
166714.000000
167705.000000
168601.000000
169417.000000
170328.000000
171272.000000
172151.000000
172967.000000
173799.000000
174727.000000
175734.000000
176646.000000
177493.000000
178437.000000
179412.000000
180340.000000
181156.000000
182067.000000
183059.000000
184034.000000
184866.000000
185746.000000
186673.000000
187617.000000
188512.000000
189376.000000
190256.000000
