Millis
23135
24207
25198
26222
27278
28269
29245
30316
31372
32380
33387
34442
35386
36329
37353
38329
39256
40280
41320
42343
43351
44438
45478
46454
47525
48581
49572
50580
51667
52707
53635
54674
55714
56753
57729
58736
59824
60831
61823
62910
63918
64910
65965
67037
68029
69052
70108
71067
72027
73114
74202
75193
76281
77400
78408
79464
80551
81575
82630
83686
84629
85525
86469
87508
88484
89380
90419
91491
92435
93330
94305
95329
96273
97153
98048
99024
99951
100831
101727
102702
103694
104574
105454
106365
107309
108188
109068
109916
110859
111819
112666
113530
114474
115433
116329
117161
118120
119096
119815
120887
121735
122678
123622
124533
125445
126405
127364
128292
129204
130147
131107
132034
132882
133761
134657
135585
136496
137328
138271
139231
140127
141006
141934
