Millis
39938
40897
42002
43088
44160
45168
46127
47183
48206
49198
50094
50973
51933
52957
54012
55052
55963
56955
57979
58986
59946
60954
61993
63033
63992
64968
65991
67063
68119
69079
70086
71110
72166
73093
74052
75060
76084
77076
78019
79027
80098
81138
82034
83009
84049
85136
86130
87152
88176
89247
90254
91262
92318
93325
94285
95261
96268
97372
98412
99355
100330
101146
101882
102714
103881
104809
106504
107672
108664
109463
110343
111399
112358
113190
113925
114789
115797
116629
117348
118180
118996
119828
120547
121219
122018
122786
123570
124306
124963
125713
126433
127153
127904
128608
129264
129935
130640
131327
132015
132719
133375
134062
134750
135518
136317
137037
137693
138461
139244
140108
140892
141595
142427
143291
144123
144922
145642
146490
147385
148217
149017
149800
150680
151624
152423
153175
153959
154791
155686
156518
157285
158085
