Millis
33719
35526
36422
37269
38149
39045
39941
40884
41780
42644
43443
44275
45170
46146
47106
48049
49009
49905
50896
51776
52607
53471
54303
55166
56014
56974
57854
59565
60461
61340
62220
63067
63915
64731
65626
66522
67354
68234
69017
69833
70665
71480
72312
73144
74039
74983
75831
76758
77590
78453
79317
80149
80980
81812
82724
83587
84483
85395
86259
87202
88066
88882
89841
90817
91729
92624
93504
94336
95087
95775
96543
97374
98382
99150
100685
101517
102349
103020
103724
104412
105323
106139
106858
107562
108330
109162
109930
110697
111417
112888
113688
114344
115111
115815
116631
117399
118134
118838
119510
120341
121141
121877
122597
123285
124020
124820
125619
126419
127139
127859
128674
129474
130290
131010
131777
132497
133329
134144
134912
135648
136464
137215
137967
138703
139422
140158
140894
141678
142397
143069
143820
144540
145260
146012
146683
147419
148203
149003
149818
150538
151258
152025
