Millis
31012.000000
31844.000000
32643.000000
33459.000000
34290.000000
35154.000000
35938.000000
36753.000000
37585.000000
38369.000000
39153.000000
39936.000000
40752.000000
41632.000000
42479.000000
43279.000000
44111.000000
44910.000000
45774.000000
46574.000000
47341.000000
48157.000000
48989.000000
49772.000000
50572.000000
51339.000000
52124.000000
52923.000000
53771.000000
54571.000000
55402.000000
56266.000000
57129.000000
57945.000000
58761.000000
59544.000000
60376.000000
61208.000000
62039.000000
62823.000000
63671.000000
64534.000000
65398.000000
66230.000000
66998.000000
67781.000000
68597.000000
69429.000000
70260.000000
71092.000000
71892.000000
72723.000000
73555.000000
74371.000000
75154.000000
75970.000000
76802.000000
77665.000000
78449.000000
79249.000000
80049.000000
80848.000000
81712.000000
82543.000000
83343.000000
84143.000000
84926.000000
85710.000000
86526.000000
87374.000000
88189.000000
89005.000000
89836.000000
90668.000000
91500.000000
92300.000000
93147.000000
93931.000000
94763.000000
95642.000000
96474.000000
97257.000000
98073.000000
98873.000000
99737.000000
100520.000000
101272.000000
102039.000000
102839.000000
103671.000000
104471.000000
105223.000000
105990.000000
106806.000000
107638.000000
108453.000000
109237.000000
110005.000000
110788.000000
111620.000000
112388.000000
113155.000000
113907.000000
114691.000000
115522.000000
116290.000000
117042.000000
117778.000000
118545.000000
119361.000000
120145.000000
120928.000000
121696.000000
122496.000000
123295.000000
124079.000000
124831.000000
125551.000000
126270.000000
127022.000000
127790.000000
128557.000000
129293.000000
130061.000000
130861.000000
131660.000000
132459.000000
133243.000000
133979.000000
134747.000000
135514.000000
136282.000000
137034.000000
137754.000000
138521.000000
139289.000000
140073.000000
140856.000000
141608.000000
142376.000000
143160.000000
143959.000000
144711.000000
145447.000000
146182.000000
146950.000000
147765.000000
148549.000000
149301.000000
150069.000000
