Millis
99320
100264
101224
102199
103111
103975
104982
105990
106917
107813
108709
109636
110596
111555
112403
113219
114146
115074
115985
116881
117729
118592
119376
120208
121039
121823
122654
123582
124494
125421
126397
127404
128364
129308
130283
131243
132139
133098
134106
135113
136057
137049
138024
138920
139847
140679
141462
142294
143238
144197
145189
146084
147012
147972
148979
149891
150755
151650
152609
153617
154625
155617
156592
157535
158463
159359
160159
161038
161854
162766
163741
164588
165356
166236
167148
168011
168795
169578
170362
171162
171929
172697
173464
174216
175080
175960
176855
177815
178742
179638
180470
181334
182245
183109
183925
184756
185604
186499
187443
188323
189218
190178
191106
191985
192833
193760
194656
195552
196367
197103
197934
198766
199646
200461
201293
202157
203084
203932
204732
205531
206363
207179
207962
208730
209546
210441
211257
212041
212808
213576
214360
215127
215863
216599
217334
218086
