Millis
33773
34381
35020
35676
36316
37020
37739
38459
39163
39818
40474
41130
41770
42394
43033
43689
44361
45048
45720
46408
47080
47736
48375
49031
49671
50310
50935
51590
52294
53013
53717
54405
55093
55765
56388
57028
57668
58291
58931
59635
60291
60947
61586
62226
62882
63489
64098
64737
65377
66049
66689
67345
67984
68608
69231
69855
70479
71087
71743
72399
73070
73758
74414
75054
75709
76317
76925
77549
78188
78796
79452
80108
80763
81419
82043
82667
83291
83898
84538
85162
85817
86521
87177
87865
88521
89161
89768
90376
91000
91624
92279
92919
93575
94214
94855
95478
96102
96726
97382
98021
98661
99300
99908
100516
101140
101764
102388
102995
103603
104195
104835
105491
106162
106818
107490
108114
108769
109425
110065
111312
111936
112528
113136
113744
114367
114975
115583
116207
116814
117470
118078
118718
119325
119949
120557
121165
121789
122413
123036
123644
124252
124892
125531
126171
126779
127387
128010
128618
129226
129850
130441
131049
131657
132296
132905
133560
134184
134808
135447
136055
136679
137303
137943
138598
139238
139862
140502
141141
141797
142437
143029
143637
144228
144836
145427
146052
146627
147219
147811
148434
149058
149682
150290
150930
151537
152145
152785
