Millis
56770
57874
59009
61200
62336
63471
64527
65614
66718
67741
68845
69917
70940
72076
73179
74203
75338
76442
77450
78521
79736
80856
81976
83159
84231
85399
86534
87589
88693
89845
90884
92004
93171
94227
95314
96482
97522
98625
99809
101008
102128
103328
104447
105487
106590
107710
108766
109901
111053
112092
113228
114363
115419
116506
117562
118586
119737
120809
121784
122824
123928
124983
126039
127174
128262
129301
130277
131396
132436
133332
134340
135475
136531
137506
138578
139713
140753
141729
142832
143952
144991
146079
147214
148302
149309
150333
151437
152460
153420
154443
155547
156555
157499
158506
159609
160617
161545
162584
163672
164679
165639
166679
167766
168774
169814
170885
171957
172980
174004