Millis
31012
31844
32643
33459
34290
35154
35938
36753
37585
38369
39153
39936
40752
41632
42479
43279
44111
44910
45774
46574
47341
48157
48989
49772
50572
51339
52124
52923
53771
54571
55402
56266
57129
57945
58761
59544
60376
61208
62039
62823
63671
64534
65398
66230
66998
67781
68597
69429
70260
71092
71892
72723
73555
74371
75154
75970
76802
77665
78449
79249
80049
80848
81712
82543
83343
84143
84926
85710
86526
87374
88189
89005
89836
90668
91500
92300
93147
93931
94763
95642
96474
97257
98073
98873
99737
100520
101272
102039
102839
103671
104471
105223
105990
106806
107638
108453
109237
110005
110788
111620
112388
113155
113907
114691
115522
116290
117042
117778
118545
119361
120145
120928
121696
122496
123295
124079
124831
125551
126270
127022
127790
128557
129293
130061
130861
131660
132459
133243
133979
134747
135514
136282
137034
137754
138521
139289
140073
140856
141608
142376
143160
143959
144711
145447
146182
146950
147765
148549
149301
150069
