Millis
33719.000000
35526.000000
36422.000000
37269.000000
38149.000000
39045.000000
39941.000000
40884.000000
41780.000000
42644.000000
43443.000000
44275.000000
45170.000000
46146.000000
47106.000000
48049.000000
49009.000000
49905.000000
50896.000000
51776.000000
52607.000000
53471.000000
54303.000000
55166.000000
56014.000000
56974.000000
57854.000000
59565.000000
60461.000000
61340.000000
62220.000000
63067.000000
63915.000000
64731.000000
65626.000000
66522.000000
67354.000000
68234.000000
69017.000000
69833.000000
70665.000000
71480.000000
72312.000000
73144.000000
74039.000000
74983.000000
75831.000000
76758.000000
77590.000000
78453.000000
79317.000000
80149.000000
80980.000000
81812.000000
82724.000000
83587.000000
84483.000000
85395.000000
86259.000000
87202.000000
88066.000000
88882.000000
89841.000000
90817.000000
91729.000000
92624.000000
93504.000000
94336.000000
95087.000000
95775.000000
96543.000000
97374.000000
98382.000000
99150.000000
100685.000000
101517.000000
102349.000000
103020.000000
103724.000000
104412.000000
105323.000000
106139.000000
106858.000000
107562.000000
108330.000000
109162.000000
109930.000000
110697.000000
111417.000000
112888.000000
113688.000000
114344.000000
115111.000000
115815.000000
116631.000000
117399.000000
118134.000000
118838.000000
119510.000000
120341.000000
121141.000000
121877.000000
122597.000000
123285.000000
124020.000000
124820.000000
125619.000000
126419.000000
127139.000000
127859.000000
128674.000000
129474.000000
130290.000000
131010.000000
131777.000000
132497.000000
133329.000000
134144.000000
134912.000000
135648.000000
136464.000000
137215.000000
137967.000000
138703.000000
139422.000000
140158.000000
140894.000000
141678.000000
142397.000000
143069.000000
143820.000000
144540.000000
145260.000000
146012.000000
146683.000000
147419.000000
148203.000000
149003.000000
149818.000000
150538.000000
151258.000000
152025.000000
