Millis
90827
91627
92410
93210
94010
94793
95625
96456
97224
97976
98711
99479
100263
101062
101862
102677
103525
104405
105268
106068
106900
107780
108691
109571
110466
111362
112242
113105
113905
114736
115536
116320
117103
117919
118799
119678
120590
121438
122253
123084
123900
124732
125531
126347
127211
128107
128938
129738
130568
131433
132280
133048
133880
134712
135591
136375
137191
138006
138837
139685
140517
141396
142292
143203
144115
145011
145875
146706
147522
148306
149169
150017
150896
151824
152608
153311
154095
154974
155870
156638
157310
158173
159069
159900
160669
161404
162235
163099
163979
164730
165482
166314
167209
168041
168793
169561
170408
171304
172135
172855
173735
174662
175574
176358
177125
178037
178948
179828
180612
181363
182259
183155
183986
184722
185601
186497
187409
188208
188928
189791
190671
191583
192415
193166
194061
194957
195837
196637
197388
198284
199180
200043
200827
201642
202554
203434
204217
204921
205705
206536
207336
208088
208792
209511
