Millis
34738
35601
36401
37153
37888
38624
39344
40144
41007
41887
42751
43582
44382
45118
45869
46589
47341
48124
48972
49868
50779
51643
52475
53242
53994
54714
55433
56201
57017
57912
58808
59704
60583
61431
62231
62966
63686
64422
65157
65989
66885
67764
68660
69587
70483
71395
72258
73042
73810
74530
75249
76017
76817
77664
78544
79456
80383
81295
82175
83038
83822
84606
85373
86141
86877
87613
88348
89116
89948
90811
91723
92666
93610
94554
95433
96233
97001
97769
98553
99368
100184
100967
101783
102647
103478
104246
105062
105894
106725
107541
108325
109092
109892
110740
111571
112339
113107
113890
114722
115506
116273
117025
117825
118641
119456
120240
121008
121775
122575
123375
124158
124926
125694
126509
127293
128061
128797
129564
130380
131148
131916
132651
133419
134218
135018
135786
136538
137321
138137
138969
139753
140520
141288
142055
142823
143591
144327
145094
145910
146741
147541
148357
149173
149972
150804
151604
152371
153139
