Millis
34738.000000
35601.000000
36401.000000
37153.000000
37888.000000
38624.000000
39344.000000
40144.000000
41007.000000
41887.000000
42751.000000
43582.000000
44382.000000
45118.000000
45869.000000
46589.000000
47341.000000
48124.000000
48972.000000
49868.000000
50779.000000
51643.000000
52475.000000
53242.000000
53994.000000
54714.000000
55433.000000
56201.000000
57017.000000
57912.000000
58808.000000
59704.000000
60583.000000
61431.000000
62231.000000
62966.000000
63686.000000
64422.000000
65157.000000
65989.000000
66885.000000
67764.000000
68660.000000
69587.000000
70483.000000
71395.000000
72258.000000
73042.000000
73810.000000
74530.000000
75249.000000
76017.000000
76817.000000
77664.000000
78544.000000
79456.000000
80383.000000
81295.000000
82175.000000
83038.000000
83822.000000
84606.000000
85373.000000
86141.000000
86877.000000
87613.000000
88348.000000
89116.000000
89948.000000
90811.000000
91723.000000
92666.000000
93610.000000
94554.000000
95433.000000
96233.000000
97001.000000
97769.000000
98553.000000
99368.000000
100184.000000
100967.000000
101783.000000
102647.000000
103478.000000
104246.000000
105062.000000
105894.000000
106725.000000
107541.000000
108325.000000
109092.000000
109892.000000
110740.000000
111571.000000
112339.000000
113107.000000
113890.000000
114722.000000
115506.000000
116273.000000
117025.000000
117825.000000
118641.000000
119456.000000
120240.000000
121008.000000
121775.000000
122575.000000
123375.000000
124158.000000
124926.000000
125694.000000
126509.000000
127293.000000
128061.000000
128797.000000
129564.000000
130380.000000
131148.000000
131916.000000
132651.000000
133419.000000
134218.000000
135018.000000
135786.000000
136538.000000
137321.000000
138137.000000
138969.000000
139753.000000
140520.000000
141288.000000
142055.000000
142823.000000
143591.000000
144327.000000
145094.000000
145910.000000
146741.000000
147541.000000
148357.000000
149173.000000
149972.000000
150804.000000
151604.000000
152371.000000
153139.000000
