Millis
98056
98776
99528
100168
100856
101496
102087
102743
103527
104326
105126
105894
106581
107349
108085
108789
109508
110276
110980
111684
112451
113971
114626
116162
116962
117713
118465
119121
119888
120640
121328
122016
122783
123551
124271
125054
126638
127325
128030
128845
129581
130285
130988
132252
132940
133755
134427
135259
135962
136634
137402
138106
138889
139689
140409
141128
141864
142664
143431
144167
144935
145639
146391
147222
148006
148774
149494
150197
150933
151732
152532
153300
154020
154771
155555
156339
157027
158467
159170
159874
160513
161185
162001
162769
163457
164144
164800
165535
166271
166943
167647
168351
169022
169678
170446
171134
171821
172525
173309
174044
174780
175468
176123
176812
177547
178235
178923
179578
180234
180906
181593
182345
183017
183737
184377
184968
185688
186392
187047
187687
188359
188999
189718
190375
191046
191686
192326
192950
194229
194821
195413
196004
196612
197316
197988
198691
199347
199987
200627
201282
201954
202610
203298
203922
204561
205281
206001
206704
207568
208128
208815
209471
210175
210863
211519
212190
212846
213518
214190
214893
215517
216237
216893
