Millis
26829.000000
27565.000000
28301.000000
28956.000000
29692.000000
30524.000000
31339.000000
32059.000000
32810.000000
33610.000000
34490.000000
35273.000000
36105.000000
36985.000000
37801.000000
38536.000000
39336.000000
40135.000000
40935.000000
41703.000000
42470.000000
43334.000000
44213.000000
45029.000000
45813.000000
46661.000000
47540.000000
48404.000000
49172.000000
49971.000000
50771.000000
51570.000000
52354.000000
53154.000000
53954.000000
54865.000000
55697.000000
56481.000000
57248.000000
58032.000000
58912.000000
59727.000000
60463.000000
61247.000000
62110.000000
62958.000000
63709.000000
64477.000000
65261.000000
66092.000000
66876.000000
67596.000000
68348.000000
69116.000000
69963.000000
70795.000000
71610.000000
72442.000000
73321.000000
74121.000000
74921.000000
75721.000000
76536.000000
77320.000000
78088.000000
78903.000000
79751.000000
80567.000000
81414.000000
82294.000000
83126.000000
83957.000000
84821.000000
85652.000000
86420.000000
87220.000000
87987.000000
88787.000000
89651.000000
90626.000000
91474.000000
92305.000000
93121.000000
94065.000000
94992.000000
95808.000000
96576.000000
97391.000000
98223.000000
99071.000000
99854.000000
100590.000000
101374.000000
102253.000000
103197.000000
104045.000000
104828.000000
105644.000000
106587.000000
107419.000000
108187.000000
108923.000000
109755.000000
110698.000000
111562.000000
112345.000000
113161.000000
114073.000000
115000.000000
115816.000000
116583.000000
117383.000000
118311.000000
119207.000000
119974.000000
120742.000000
121573.000000
122485.000000
123349.000000
124117.000000
124868.000000
125684.000000
126547.000000
127347.000000
128099.000000
128818.000000
129586.000000
130434.000000
131266.000000
132065.000000
132801.000000
133664.000000
134640.000000
135504.000000
136255.000000
137056.000000
137887.000000
138735.000000
139502.000000
140254.000000
141021.000000
141821.000000
142701.000000
143485.000000
144220.000000
144972.000000
