Millis
118217
119048
119880
120664
121479
122327
123031
123750
124438
125142
125814
126469
127173
127940
128724
129476
130180
130915
131683
132467
133170
133922
134706
135537
136369
137121
137856
138672
139519
140335
141103
141887
142718
143598
144414
145181
145948
146748
147644
148444
149243
150075
150955
151770
152538
153321
154137
154953
155720
156456
157272
158151
158983
159767
160471
161206
161974
162806
163637
164389
165125
165892
166756
167539
168419
169363
170306
171202
171986
172737
173505
174337
175232
176080
176896
177743
178607
179359
180094
180878
181758
182605
183421
184253
185164
186091
186971
187803
188666
189594
190442
191273
192137
193097
194056
194936
195767
196615
197543
198422
199190
199926
200725
201573
202405
203189
203956
204835
205747
206627
207443
208226
209041
209954
210817
211584
212368
213216
214096
214864
215631
216415
217294
218238
219070
219853
220685
221564
222460
223260
224012
224859
225771
226618
227418
228154
228969
229865
230777
231560
232376
233208
234135
234951
235718
236534
