Millis
163745
164832
165920
166944
168015
169134
170158
171118
172190
173341
174413
175436
176507
177627
178747
179770
180762
181817
182905
183993
184968
185880
186887
188007
189063
190022
191014
192085
193205
194228
195220
196228
197315
198325
199282
200290
201361
202417
203377
204256
205152
206144
207199
208159
209182
210238
211294
212301
213277
214300
215356
216395
217307
218315
219371
220410
221402
222457
223593
224616
225480
226216
226935
227783
228919
229767
230630
231702
232789
233685
234517
235412
236452
237284
238019
238787
239618
240546
241282
242001
242801
243601
244417
245089
245840
246592
247311
248047
248767
249438
250126
250782
251470
252189
252893
253565
254253
254957
255692
256524
257292
257964
258779
259595
260475
261258
262026
262825
263689
264537
265337
266072
266904
267688
268567
269383
270119
270886
271718
272646
273478
274213
275045
275925
276804
277588
278339
279107
279955
280802
281570
282306
