Millis
84989
85836
86620
87499
88379
89227
90106
90970
91769
92649
93496
94328
95239
96135
96999
97942
98838
99813
100773
101684
102676
103603
104499
105395
106242
107106
108001
108945
109856
110816
111759
112687
113662
114542
115486
116413
117309
118268
119212
120155
121163
122170
123146
124137
125129
126040
126984
127895
128775
129734
130710
131685
132693
133653
134644
135603
136531
137379
138306
139217
140097
141056
142032
142928
143903
144830
145790
146718
147565
148461
149357
150284
151083
151851
152714
153626
154522
155353
156233
157112
157992
158792
159559
160311
161158
162054
162917
163765
164645
165556
166499
167299
168098
168898
169794
170689
171505
172337
173200
174128
174975
175743
176574
177438
178301
179117
179836
180652
181499
182379
183227
184027
184874
185769
186697
187497
188296
189160
190024
190903
191687
192422
193238
194101
194997
195844
196692
197604
198499
199347
200179
200946
201665
202497
203361
204256
