Millis
41994
42921
43880
44872
45896
46872
47863
48919
49862
50870
51877
52821
53845
54852
55875
56931
57891
58898
59906
60913
61905
62928
63920
64896
65903
66863
67855
68878
69870
70829
71885
72908
73900
74987
76075
77051
78058
79113
80089
81001
81992
83080
83992
84935
85991
87014
87942
88949
89989
91029
92004
92996
94051
94979
95907
96962
98034
99057
100161
101200
102192
103039
103903
104815
105838
106846
107774
108765
109805
110796
111644
112588
113531
114411
115243
116090
117050
118089
119033
119928
120872
121848
122791
123655
124582
125590
126565
127461
128421
129476
130420
131315
132179
133155
134114
135010
135906
136849
137857
138753
139648
140576
141583
142527
143422
144302
145230
146221
147101
147997
148940
149964
150923
151803
152746
153770
154698
155578
156473
157449
158392
159256
160168
