Millis
99320.000000
100264.000000
101224.000000
102199.000000
103111.000000
103975.000000
104982.000000
105990.000000
106917.000000
107813.000000
108709.000000
109636.000000
110596.000000
111555.000000
112403.000000
113219.000000
114146.000000
115074.000000
115985.000000
116881.000000
117729.000000
118592.000000
119376.000000
120208.000000
121039.000000
121823.000000
122654.000000
123582.000000
124494.000000
125421.000000
126397.000000
127404.000000
128364.000000
129308.000000
130283.000000
131243.000000
132139.000000
133098.000000
134106.000000
135113.000000
136057.000000
137049.000000
138024.000000
138920.000000
139847.000000
140679.000000
141462.000000
142294.000000
143238.000000
144197.000000
145189.000000
146084.000000
147012.000000
147972.000000
148979.000000
149891.000000
150755.000000
151650.000000
152609.000000
153617.000000
154625.000000
155617.000000
156592.000000
157535.000000
158463.000000
159359.000000
160159.000000
161038.000000
161854.000000
162766.000000
163741.000000
164588.000000
165356.000000
166236.000000
167148.000000
168011.000000
168795.000000
169578.000000
170362.000000
171162.000000
171929.000000
172697.000000
173464.000000
174216.000000
175080.000000
175960.000000
176855.000000
177815.000000
178742.000000
179638.000000
180470.000000
181334.000000
182245.000000
183109.000000
183925.000000
184756.000000
185604.000000
186499.000000
187443.000000
188323.000000
189218.000000
190178.000000
191106.000000
191985.000000
192833.000000
193760.000000
194656.000000
195552.000000
196367.000000
197103.000000
197934.000000
198766.000000
199646.000000
200461.000000
201293.000000
202157.000000
203084.000000
203932.000000
204732.000000
205531.000000
206363.000000
207179.000000
207962.000000
208730.000000
209546.000000
210441.000000
211257.000000
212041.000000
212808.000000
213576.000000
214360.000000
215127.000000
215863.000000
216599.000000
217334.000000
218086.000000
