Millis
98059
98746
99626
100378
100729
101514
101866
102521
103241
103897
104601
105480
106280
107112
107911
108535
110263
110998
111686
112485
113317
114101
114821
115524
116308
117076
117827
118611
119379
120130
120866
121650
122418
123170
123905
124721
125505
126208
126896
127648
128480
129071
129823
130782
131678
132510
133262
134029
134829
136284
137084
137852
138684
139388
140251
141019
141738
142538
143466
144298
145497
146185
146809
147640
148392
149160
149959
150711
151463
152311
153094
153814
154613
155525
156357
157173
157988
160084
160788
161459
162179
163011
163762
164546
165314
167137
168192
169056
170128
170991
171951
173199
174031
174958
176477
177421
179548
181020
181820
183403
184810
185882
186970
188345
189752
191192
192376
195190
196518
197989
199493
200804
202276
203747
205170
206674
207986
209377
210864
212991
214511
215983
217390
