Millis
27079.000000
28151.000000
29254.000000
30262.000000
31222.000000
32101.000000
33125.000000
34180.000000
35252.000000
36324.000000
37267.000000
38355.000000
39715.000000
42274.000000
44225.000000
45232.000000
46240.000000
47248.000000
48143.000000
49087.000000
50175.000000
51246.000000
52350.000000
53374.000000
54317.000000
55245.000000
56284.000000
57340.000000
58492.000000
60491.000000
61499.000000
62570.000000
63641.000000
64681.000000
65689.000000
66696.000000
67736.000000
68792.000000
69815.000000
70823.000000
71862.000000
72950.000000
74038.000000
75029.000000
76085.000000
77205.000000
78116.000000
81155.000000
82370.000000
83346.000000
84338.000000
85361.000000
86497.000000
87648.000000
88672.000000
89664.000000
90623.000000
91631.000000
92766.000000
93742.000000
94861.000000
95965.000000
96989.000000
98013.000000
99132.000000
100204.000000
101147.000000
102171.000000
103291.000000
104394.000000
105402.000000
106409.000000
109209.000000
111415.000000
112519.000000
113527.000000
114486.000000
115510.000000
116550.000000
117573.000000
118597.000000
119605.000000
120676.000000
121715.000000
122787.000000
123827.000000
125810.000000
126882.000000
128001.000000
129089.000000
130080.000000
131152.000000
132287.000000
133375.000000
134430.000000
135582.000000
136669.000000
137629.000000
138605.000000
139725.000000
140860.000000
141868.000000
142907.000000
143995.000000
145099.000000
146090.000000
