Millis
118217.000000
119048.000000
119880.000000
120664.000000
121479.000000
122327.000000
123031.000000
123750.000000
124438.000000
125142.000000
125814.000000
126469.000000
127173.000000
127940.000000
128724.000000
129476.000000
130180.000000
130915.000000
131683.000000
132467.000000
133170.000000
133922.000000
134706.000000
135537.000000
136369.000000
137121.000000
137856.000000
138672.000000
139519.000000
140335.000000
141103.000000
141887.000000
142718.000000
143598.000000
144414.000000
145181.000000
145948.000000
146748.000000
147644.000000
148444.000000
149243.000000
150075.000000
150955.000000
151770.000000
152538.000000
153321.000000
154137.000000
154953.000000
155720.000000
156456.000000
157272.000000
158151.000000
158983.000000
159767.000000
160471.000000
161206.000000
161974.000000
162806.000000
163637.000000
164389.000000
165125.000000
165892.000000
166756.000000
167539.000000
168419.000000
169363.000000
170306.000000
171202.000000
171986.000000
172737.000000
173505.000000
174337.000000
175232.000000
176080.000000
176896.000000
177743.000000
178607.000000
179359.000000
180094.000000
180878.000000
181758.000000
182605.000000
183421.000000
184253.000000
185164.000000
186091.000000
186971.000000
187803.000000
188666.000000
189594.000000
190442.000000
191273.000000
192137.000000
193097.000000
194056.000000
194936.000000
195767.000000
196615.000000
197543.000000
198422.000000
199190.000000
199926.000000
200725.000000
201573.000000
202405.000000
203189.000000
203956.000000
204835.000000
205747.000000
206627.000000
207443.000000
208226.000000
209041.000000
209954.000000
210817.000000
211584.000000
212368.000000
213216.000000
214096.000000
214864.000000
215631.000000
216415.000000
217294.000000
218238.000000
219070.000000
219853.000000
220685.000000
221564.000000
222460.000000
223260.000000
224012.000000
224859.000000
225771.000000
226618.000000
227418.000000
228154.000000
228969.000000
229865.000000
230777.000000
231560.000000
232376.000000
233208.000000
234135.000000
234951.000000
235718.000000
236534.000000
