Millis
53018.000000
53978.000000
54906.000000
55817.000000
56792.000000
57752.000000
58696.000000
59527.000000
60439.000000
61335.000000
62214.000000
63030.000000
63830.000000
64598.000000
65317.000000
66117.000000
66901.000000
67684.000000
68500.000000
69283.000000
70147.000000
71043.000000
71954.000000
72850.000000
73666.000000
74434.000000
75217.000000
76081.000000
76929.000000
77776.000000
78688.000000
79536.000000
80447.000000
81359.000000
82223.000000
83150.000000
84094.000000
85037.000000
85949.000000
86893.000000
87852.000000
88796.000000
89756.000000
90731.000000
91707.000000
92650.000000
93594.000000
94537.000000
95369.000000
96185.000000
96937.000000
97736.000000
98648.000000
99607.000000
100583.000000
101559.000000
102454.000000
103254.000000
104022.000000
104821.000000
105701.000000
106645.000000
107524.000000
108420.000000
109364.000000
110275.000000
111107.000000
111923.000000
112754.000000
113538.000000
114290.000000
115009.000000
115713.000000
116513.000000
117408.000000
118208.000000
119040.000000
119919.000000
120862.000000
121694.000000
122526.000000
123326.000000
124158.000000
125037.000000
125821.000000
126637.000000
127484.000000
128412.000000
129291.000000
130075.000000
130891.000000
131642.000000
132394.000000
133178.000000
133946.000000
134761.000000
135641.000000
136537.000000
137400.000000
138232.000000
139079.000000
139927.000000
140823.000000
141606.000000
142470.000000
143317.000000
144261.000000
145189.000000
146037.000000
146916.000000
147860.000000
148772.000000
149651.000000
150499.000000
151394.000000
152370.000000
153282.000000
154161.000000
155009.000000
155937.000000
156848.000000
157664.000000
158495.000000
159279.000000
160143.000000
161039.000000
161838.000000
162670.000000
163550.000000
164493.000000
165389.000000
166221.000000
167004.000000
167884.000000
168747.000000
169579.000000
170379.000000
171210.000000
