Millis
132716
133371
134043
134731
135402
136058
136714
137354
137993
138665
139305
139961
140650
141304
141992
142680
143383
144055
144758
145494
146246
146998
147686
148389
149077
149733
150357
150996
151652
152308
152996
153795
154596
155331
156082
156802
157458
158114
158753
159377
160017
160689
161440
162192
162928
163631
164335
165007
165663
166350
167038
167774
168558
169293
170045
170749
171420
172108
172780
173499
174267
175019
175786
176507
177210
177898
178585
179257
179945
180633
181337
182040
182728
183416
184071
184759
185463
186231
186983
187734
188486
189173
189877
190581
191285
192005
192708
193412
194100
194803
195459
196115
196771
197475
198162
198834
199490
200145
200785
201409
202080
202704
203344
204016
204720
205375
206063
206719
207343
207998
208670
209326
209982
210605
211229
211901
212557
213212
213868
214508
215147
215771
216411
217051
217675
218314
218922
219546
220202
220858
221514
222153
222761
223369
223992
224616
225256
225864
226487
227079
227687
228279
228870
229479
230070
230678
231270
231909
232517
233141
233797
234388
234996
235604
236227
236836
237427
238019
238627
239219
239810
240434
241058
241682
242273
242881
243489
244113
244737
245360
245968
246576
247168
247759
248367
248959
249582
250174
250734
251326
251902
