Millis
47527.000000
48455.000000
49447.000000
50390.000000
51382.000000
52405.000000
53365.000000
54357.000000
55364.000000
56324.000000
57331.000000
58355.000000
59395.000000
60402.000000
61426.000000
62450.000000
63505.000000
64529.000000
65584.000000
66576.000000
67615.000000
68655.000000
69631.000000
70750.000000
71757.000000
72813.000000
73837.000000
74876.000000
75836.000000
76812.000000
77851.000000
78859.000000
79867.000000
80842.000000
81818.000000
82825.000000
83833.000000
84792.000000
85752.000000
86696.000000
87607.000000
88599.000000
89558.000000
90486.000000
91430.000000
92389.000000
93349.000000
94244.000000
95140.000000
96020.000000
96948.000000
97875.000000
98899.000000
99874.000000
100834.000000
101826.000000
102833.000000
103793.000000
104816.000000
105856.000000
106880.000000
107935.000000
108943.000000
109903.000000
110894.000000
111870.000000
112877.000000
113773.000000
114765.000000
115724.000000
116684.000000
117595.000000
118491.000000
119403.000000
120394.000000
121354.000000
122314.000000
123321.000000
124361.000000
125320.000000
126280.000000
127304.000000
128343.000000
129319.000000
130294.000000
131318.000000
132390.000000
133349.000000
134293.000000
135300.000000
136340.000000
137268.000000
138212.000000
139203.000000
140226.000000
141218.000000
142194.000000
143233.000000
144257.000000
145249.000000
146224.000000
147264.000000
148335.000000
149343.000000
150382.000000
151502.000000
152557.000000
153565.000000
154573.000000
155628.000000
156668.000000
157708.000000
158779.000000
159867.000000
160906.000000
161882.000000
162873.000000
163897.000000
164889.000000
165848.000000
