Millis
163745.000000
164832.000000
165920.000000
166944.000000
168015.000000
169134.000000
170158.000000
171118.000000
172190.000000
173341.000000
174413.000000
175436.000000
176507.000000
177627.000000
178747.000000
179770.000000
180762.000000
181817.000000
182905.000000
183993.000000
184968.000000
185880.000000
186887.000000
188007.000000
189063.000000
190022.000000
191014.000000
192085.000000
193205.000000
194228.000000
195220.000000
196228.000000
197315.000000
198325.000000
199282.000000
200290.000000
201361.000000
202417.000000
203377.000000
204256.000000
205152.000000
206144.000000
207199.000000
208159.000000
209182.000000
210238.000000
211294.000000
212301.000000
213277.000000
214300.000000
215356.000000
216395.000000
217307.000000
218315.000000
219371.000000
220410.000000
221402.000000
222457.000000
223593.000000
224616.000000
225480.000000
226216.000000
226935.000000
227783.000000
228919.000000
229767.000000
230630.000000
231702.000000
232789.000000
233685.000000
234517.000000
235412.000000
236452.000000
237284.000000
238019.000000
238787.000000
239618.000000
240546.000000
241282.000000
242001.000000
242801.000000
243601.000000
244417.000000
245089.000000
245840.000000
246592.000000
247311.000000
248047.000000
248767.000000
249438.000000
250126.000000
250782.000000
251470.000000
252189.000000
252893.000000
253565.000000
254253.000000
254957.000000
255692.000000
256524.000000
257292.000000
257964.000000
258779.000000
259595.000000
260475.000000
261258.000000
262026.000000
262825.000000
263689.000000
264537.000000
265337.000000
266072.000000
266904.000000
267688.000000
268567.000000
269383.000000
270119.000000
270886.000000
271718.000000
272646.000000
273478.000000
274213.000000
275045.000000
275925.000000
276804.000000
277588.000000
278339.000000
279107.000000
279955.000000
280802.000000
281570.000000
282306.000000
