Millis
75066.000000
76026.000000
77385.000000
78521.000000
79657.000000
80616.000000
81608.000000
82664.000000
83799.000000
86486.000000
88021.000000
89141.000000
90404.000000
91444.000000
92595.000000
93699.000000
94786.000000
95746.000000
96833.000000
97745.000000
98865.000000
99889.000000
101408.000000
103551.000000
106590.000000
107693.000000
108669.000000
109629.000000
110508.000000
111531.000000
112635.000000
114666.000000
115658.000000
116665.000000
117705.000000
118697.000000
119656.000000
120584.000000
121479.000000
122551.000000
123654.000000
124726.000000
125798.000000
126838.000000
127877.000000
128901.000000
129749.000000
130820.000000
131827.000000
132899.000000
133939.000000
135059.000000
136130.000000
137089.000000
137969.000000
139040.000000
140033.000000
140896.000000
141872.000000
142943.000000
143951.000000
144862.000000
145870.000000
146925.000000
147933.000000
148909.000000
149948.000000
151020.000000
151996.000000
152987.000000
154043.000000
155115.000000
156138.000000
157129.000000
158170.000000
159209.000000
160184.000000
161080.000000
162072.000000
163127.000000
164103.000000
165063.000000
166166.000000
167221.000000
168261.000000
169221.000000
170132.000000
171172.000000
172036.000000
173012.000000
174131.000000
175299.000000
176338.000000
177378.000000
178497.000000
179537.000000
180480.000000
181472.000000
182560.000000
183599.000000
184607.000000
185631.000000
186718.000000
187774.000000
189725.000000
190797.000000
191852.000000
192860.000000
