Millis
86104.000000
86872.000000
87592.000000
88279.000000
88951.000000
89607.000000
90247.000000
90951.000000
91670.000000
92438.000000
93222.000000
93973.000000
94677.000000
95365.000000
96100.000000
96820.000000
97588.000000
98372.000000
99188.000000
99971.000000
100755.000000
101475.000000
102162.000000
102818.000000
103458.000000
104130.000000
104849.000000
105649.000000
106481.000000
107328.000000
108160.000000
108944.000000
109664.000000
110400.000000
111071.000000
111727.000000
112383.000000
113086.000000
113838.000000
114638.000000
115469.000000
116285.000000
117069.000000
117821.000000
118540.000000
119212.000000
119868.000000
120508.000000
121211.000000
121931.000000
122715.000000
123467.000000
124250.000000
125018.000000
125770.000000
126474.000000
127145.000000
127785.000000
128409.000000
129097.000000
129864.000000
130648.000000
131528.000000
132424.000000
133319.000000
134135.000000
134919.000000
135670.000000
136358.000000
137046.000000
137686.000000
138309.000000
139013.000000
139733.000000
140501.000000
141380.000000
142228.000000
143060.000000
143891.000000
144691.000000
145411.000000
146083.000000
146722.000000
147378.000000
148034.000000
148738.000000
149553.000000
150401.000000
151217.000000
151937.000000
152656.000000
153440.000000
154240.000000
154975.000000
155679.000000
156351.000000
157039.000000
157774.000000
158478.000000
159182.000000
159838.000000
160510.000000
161197.000000
161869.000000
162525.000000
163181.000000
163820.000000
164444.000000
165100.000000
165771.000000
166443.000000
167115.000000
167771.000000
168395.000000
169050.000000
169738.000000
170410.000000
171098.000000
171754.000000
172409.000000
173049.000000
173721.000000
174377.000000
175032.000000
175672.000000
176280.000000
176920.000000
177592.000000
178279.000000
178951.000000
179607.000000
180263.000000
180918.000000
181622.000000
182310.000000
182966.000000
183637.000000
184277.000000
184917.000000
185573.000000
186244.000000
186900.000000
187556.000000
188212.000000
188899.000000
189571.000000
190323.000000
191027.000000
191698.000000
192370.000000
193026.000000
193762.000000
194497.000000
195185.000000
195857.000000
196513.000000
197168.000000
197856.000000
198576.000000
199248.000000
199903.000000
200607.000000
201295.000000
202015.000000
202686.000000
203374.000000
203998.000000
204654.000000
