Millis
20198
20854
21461
22118
22773
23477
24133
24836
25556
26276
27028
27796
28531
29299
30003
30770
31474
32194
32914
33665
34385
35089
35857
36640
37456
38256
39055
39855
40639
41439
42206
42926
43566
44189
44846
45533
46253
47020
47756
48556
49356
50219
51099
51931
52730
53562
54394
55210
55945
56745
57513
58297
59112
59832
60600
61383
62199
62935
63718
64550
65318
66117
66949
67733
68517
69269
69988
70724
71476
72291
73075
73827
74610
75426
76178
76929
77666
78353
79073
79856
80672
81440
82767
83423
84127
84895
85598
86254
86942
87598
88286
88989
89677
90285
90941
91597
92316
93068
93740
94395
95131
95819
96618
97354
98058
98698
99354
100026
100745
101449
102089
102744
103400
104120
104823
105575
106247
106951
107671
108407
109206
109942
110630
111397
112133
112933
113668
114372
115108
115812
116579
117299
118003
118707
119442
120178
120914
121617
122258
122929
123585
124273
124976
125664
126320
127024
127727
128511
129311
129999
130734
131406
132158
132942
133661
134317
135021
135740
136460
137180
137868
138508
139164
