Millis
24129
24896
25648
26416
27247
28079
29119
30111
31054
32014
33021
33965
34924
35756
36572
37340
38123
38987
39962
40890
41802
42665
43465
44233
45048
45944
46888
47863
48807
49671
50454
51238
52118
53014
53941
54805
55621
56452
57348
58292
59203
60083
60899
61794
62690
63633
64577
65457
66289
67184
68128
69087
70095
70990
71838
72670
73581
74525
75485
76381
77212
78059
78955
79899
80826
81786
82618
83433
84265
85097
85929
86825
87816
88776
89623
90487
91383
92326
93174
94006
94885
95797
96660
97460
98276
99123
100003
100819
101619
102482
103362
104226
104993
105793
106592
107408
108224
109008
109807
110623
111455
112270
113054
113822
114654
115533
116381
117212
117996
118860
119692
120507
121307
122075
122906
123738
124522
125289
126057
126857
127656
128488
129208
130008
130807
131607
132391
133126
133862
134630
135397
136181
136917
137668
138436
139220
140035
140803
141571
142323
