Millis
27079
28151
29254
30262
31222
32101
33125
34180
35252
36324
37267
38355
39715
42274
44225
45232
46240
47248
48143
49087
50175
51246
52350
53374
54317
55245
56284
57340
58492
60491
61499
62570
63641
64681
65689
66696
67736
68792
69815
70823
71862
72950
74038
75029
76085
77205
78116
81155
82370
83346
84338
85361
86497
87648
88672
89664
90623
91631
92766
93742
94861
95965
96989
98013
99132
100204
101147
102171
103291
104394
105402
106409
109209
111415
112519
113527
114486
115510
116550
117573
118597
119605
120676
121715
122787
123827
125810
126882
128001
129089
130080
131152
132287
133375
134430
135582
136669
137629
138605
139725
140860
141868
142907
143995
145099
146090
