Millis
33773.000000
34381.000000
35020.000000
35676.000000
36316.000000
37020.000000
37739.000000
38459.000000
39163.000000
39818.000000
40474.000000
41130.000000
41770.000000
42394.000000
43033.000000
43689.000000
44361.000000
45048.000000
45720.000000
46408.000000
47080.000000
47736.000000
48375.000000
49031.000000
49671.000000
50310.000000
50935.000000
51590.000000
52294.000000
53013.000000
53717.000000
54405.000000
55093.000000
55765.000000
56388.000000
57028.000000
57668.000000
58291.000000
58931.000000
59635.000000
60291.000000
60947.000000
61586.000000
62226.000000
62882.000000
63489.000000
64098.000000
64737.000000
65377.000000
66049.000000
66689.000000
67345.000000
67984.000000
68608.000000
69231.000000
69855.000000
70479.000000
71087.000000
71743.000000
72399.000000
73070.000000
73758.000000
74414.000000
75054.000000
75709.000000
76317.000000
76925.000000
77549.000000
78188.000000
78796.000000
79452.000000
80108.000000
80763.000000
81419.000000
82043.000000
82667.000000
83291.000000
83898.000000
84538.000000
85162.000000
85817.000000
86521.000000
87177.000000
87865.000000
88521.000000
89161.000000
89768.000000
90376.000000
91000.000000
91624.000000
92279.000000
92919.000000
93575.000000
94214.000000
94855.000000
95478.000000
96102.000000
96726.000000
97382.000000
98021.000000
98661.000000
99300.000000
99908.000000
100516.000000
101140.000000
101764.000000
102388.000000
102995.000000
103603.000000
104195.000000
104835.000000
105491.000000
106162.000000
106818.000000
107490.000000
108114.000000
108769.000000
109425.000000
110065.000000
111312.000000
111936.000000
112528.000000
113136.000000
113744.000000
114367.000000
114975.000000
115583.000000
116207.000000
116814.000000
117470.000000
118078.000000
118718.000000
119325.000000
119949.000000
120557.000000
121165.000000
121789.000000
122413.000000
123036.000000
123644.000000
124252.000000
124892.000000
125531.000000
126171.000000
126779.000000
127387.000000
128010.000000
128618.000000
129226.000000
129850.000000
130441.000000
131049.000000
131657.000000
132296.000000
132905.000000
133560.000000
134184.000000
134808.000000
135447.000000
136055.000000
136679.000000
137303.000000
137943.000000
138598.000000
139238.000000
139862.000000
140502.000000
141141.000000
141797.000000
142437.000000
143029.000000
143637.000000
144228.000000
144836.000000
145427.000000
146052.000000
146627.000000
147219.000000
147811.000000
148434.000000
149058.000000
149682.000000
150290.000000
150930.000000
151537.000000
152145.000000
152785.000000
