Millis
28827.000000
29450.000000
30074.000000
30698.000000
31322.000000
31977.000000
32633.000000
33321.000000
34072.000000
34824.000000
35656.000000
36456.000000
37303.000000
38135.000000
38967.000000
39799.000000
40551.000000
41334.000000
42118.000000
42933.000000
43717.000000
44516.000000
45268.000000
46020.000000
46788.000000
47540.000000
48275.000000
49059.000000
49891.000000
50754.000000
51586.000000
52386.000000
53138.000000
53905.000000
54641.000000
55409.000000
56097.000000
56752.000000
57424.000000
58128.000000
58895.000000
59711.000000
60511.000000
61278.000000
62030.000000
62798.000000
63582.000000
64397.000000
65117.000000
65885.000000
66620.000000
67388.000000
68156.000000
68859.000000
69531.000000
70235.000000
70955.000000
71771.000000
72586.000000
73386.000000
74186.000000
74970.000000
75753.000000
76585.000000
77400.000000
78136.000000
78872.000000
79592.000000
80327.000000
81079.000000
81847.000000
82583.000000
83350.000000
84118.000000
84933.000000
85781.000000
86613.000000
87381.000000
88164.000000
88916.000000
89684.000000
90420.000000
91108.000000
91779.000000
92467.000000
93187.000000
93907.000000
94562.000000
95250.000000
95905.000000
96785.000000
97537.000000
98273.000000
98945.000000
99664.000000
100416.000000
101216.000000
101951.000000
102671.000000
103439.000000
104223.000000
105038.000000
105758.000000
106478.000000
107149.000000
107901.000000
108621.000000
109389.000000
110108.000000
110812.000000
111564.000000
112299.000000
113067.000000
113819.000000
114507.000000
115163.000000
115834.000000
116522.000000
117210.000000
117834.000000
118473.000000
119065.000000
119721.000000
120408.000000
121193.000000
121944.000000
122680.000000
123447.000000
124279.000000
125111.000000
125927.000000
126647.000000
127382.000000
128118.000000
128853.000000
129573.000000
130229.000000
130869.000000
131557.000000
132228.000000
132948.000000
133716.000000
134404.000000
135027.000000
135683.000000
136323.000000
136995.000000
137682.000000
138322.000000
138914.000000
139522.000000
140162.000000
140785.000000
141489.000000
142129.000000
142769.000000
143392.000000
144048.000000
144768.000000
145536.000000
146223.000000
146879.000000
147519.000000
