Millis
24364.000000
25147.000000
25947.000000
26667.000000
27371.000000
28058.000000
28794.000000
29530.000000
30314.000000
31114.000000
31913.000000
32665.000000
33385.000000
34072.000000
34744.000000
35416.000000
36151.000000
36903.000000
37703.000000
38439.000000
39158.000000
39862.000000
40550.000000
41222.000000
41941.000000
42677.000000
43429.000000
44196.000000
44964.000000
45716.000000
46420.000000
47092.000000
47779.000000
48435.000000
49107.000000
49826.000000
50594.000000
51362.000000
52146.000000
52913.000000
53633.000000
54337.000000
55025.000000
55696.000000
56400.000000
57104.000000
57840.000000
58655.000000
59423.000000
60191.000000
60894.000000
61566.000000
62222.000000
62878.000000
63533.000000
64237.000000
64989.000000
65837.000000
66684.000000
67516.000000
68332.000000
69052.000000
69739.000000
70411.000000
71099.000000
71786.000000
72522.000000
73290.000000
74090.000000
74921.000000
75753.000000
76553.000000
77289.000000
78009.000000
78712.000000
79432.000000
80151.000000
80919.000000
81687.000000
82455.000000
83222.000000
83942.000000
84694.000000
85366.000000
86053.000000
86661.000000
87301.000000
88005.000000
88725.000000
89396.000000
90084.000000
90756.000000
91460.000000
92195.000000
92931.000000
93619.000000
94307.000000
95010.000000
95730.000000
96449.000000
97169.000000
97825.000000
98513.000000
99169.000000
99872.000000
100544.000000
101200.000000
101856.000000
102463.000000
103135.000000
103807.000000
104463.000000
105118.000000
105758.000000
106398.000000
107053.000000
107709.000000
108382.000000
109069.000000
109693.000000
110333.000000
110972.000000
111596.000000
112252.000000
112892.000000
113531.000000
114171.000000
114795.000000
115483.000000
116186.000000
116874.000000
117530.000000
118218.000000
118889.000000
119577.000000
120249.000000
120937.000000
121593.000000
122216.000000
122872.000000
123544.000000
124232.000000
124888.000000
125543.000000
126215.000000
126871.000000
127543.000000
128262.000000
128966.000000
129637.000000
130309.000000
130981.000000
131653.000000
132357.000000
133045.000000
133701.000000
134356.000000
135012.000000
135667.000000
136340.000000
137027.000000
137683.000000
138354.000000
139010.000000
139714.000000
140418.000000
141137.000000
141794.000000
142449.000000
143137.000000
