Millis
27393.000000
27713.000000
28465.000000
29185.000000
29968.000000
30720.000000
31503.000000
32303.000000
32975.000000
33679.000000
34447.000000
35278.000000
36110.000000
36813.000000
37501.000000
38205.000000
39037.000000
39965.000000
40812.000000
41580.000000
42332.000000
43195.000000
44091.000000
44954.000000
45738.000000
46458.000000
47210.000000
48042.000000
48937.000000
49784.000000
50600.000000
51304.000000
52008.000000
52744.000000
53511.000000
54231.000000
54983.000000
55686.000000
56406.000000
57318.000000
58134.000000
59013.000000
59749.000000
60437.000000
61140.000000
61940.000000
62740.000000
63492.000000
64227.000000
64899.000000
65715.000000
66658.000000
67442.000000
68242.000000
69041.000000
69889.000000
70753.000000
71585.000000
72193.000000
72912.000000
73568.000000
75983.000000
78206.000000
78894.000000
79725.000000
80557.000000
81261.000000
82029.000000
82701.000000
83532.000000
85020.000000
85772.000000
86427.000000
87163.000000
87979.000000
88698.000000
89386.000000
90122.000000
90905.000000
91849.000000
92713.000000
93448.000000
94264.000000
95144.000000
96040.000000
96823.000000
97543.000000
98375.000000
99271.000000
100102.000000
100854.000000
101558.000000
102325.000000
103221.000000
104068.000000
104837.000000
105556.000000
106372.000000
107267.000000
108051.000000
108803.000000
109555.000000
110274.000000
111043.000000
111842.000000
112562.000000
113265.000000
113969.000000
114737.000000
115568.000000
116400.000000
117120.000000
117840.000000
118607.000000
119423.000000
120159.000000
120894.000000
121582.000000
122334.000000
123118.000000
123917.000000
124717.000000
125421.000000
126188.000000
127020.000000
127852.000000
128587.000000
129323.000000
130043.000000
130810.000000
131658.000000
132410.000000
133130.000000
133866.000000
134665.000000
135497.000000
136169.000000
136825.000000
137480.000000
138184.000000
138967.000000
139847.000000
140599.000000
141319.000000
141990.000000
142790.000000
143590.000000
144341.000000
145061.000000
145781.000000
