Millis
148803
149699
150546
151426
152274
153105
153969
154865
155712
156592
157488
158447
159375
160286
161198
162062
162893
163757
164556
165436
166364
167307
168219
169115
170010
170890
171770
172665
173497
174377
175288
176120
177016
177847
178663
179494
180326
181158
181990
182869
183748
184612
185524
186372
187220
188051
188882
189682
190514
191346
192209
193073
193953
194816
195680
196592
197471
198319
199167
200014
200894
201742
202621
203469
204332
205196
206076
206940
207803
208667
209562
210362
211178
211930
212602
213385
214185
214984
215784
216472
217176
217927
218695
219462
220150
220918
221670
222438
223237
223893
224629
225364
226132
226852
227572
228323
229091
229826
230627
231346
232050
232818
233601
234385
235184
235872
236576
237328
238063
238863
239615
240318
241038
241773
242557
243261
243997
244733
245468
246188
246940
247596
248299
249019
249755
250506
251210
251882
252586
253305
254057
254729
255448
256216
256968
257688
258391
259111
259831
260582
261254
261942
262630
263333
264037
264756
265476
266180
266948
