Millis
26980.000000
27844.000000
28740.000000
29635.000000
30531.000000
31397.000000
32290.000000
33186.000000
34082.000000
34961.000000
35857.000000
36752.000000
37632.000000
38511.000000
39375.000000
40270.000000
41134.000000
42014.000000
42942.000000
43869.000000
44765.000000
45692.000000
46652.000000
47595.000000
48555.000000
49515.000000
50411.000000
51322.000000
52234.000000
53193.000000
54137.000000
55128.000000
56104.000000
57048.000000
58023.000000
58999.000000
59990.000000
60950.000000
61942.000000
62869.000000
63780.000000
64676.000000
65588.000000
66531.000000
67427.000000
68322.000000
69266.000000
70145.000000
71041.000000
71937.000000
72768.000000
73664.000000
74544.000000
75471.000000
76367.000000
77263.000000
78174.000000
79086.000000
79981.000000
80893.000000
81821.000000
82716.000000
83628.000000
84556.000000
85403.000000
86299.000000
87210.000000
88122.000000
88841.000000
89641.000000
90505.000000
91400.000000
92264.000000
93032.000000
93911.000000
94839.000000
95719.000000
96534.000000
97302.000000
98213.000000
99141.000000
99989.000000
100804.000000
101700.000000
102660.000000
103604.000000
104483.000000
105283.000000
106210.000000
107170.000000
108049.000000
108865.000000
109761.000000
110657.000000
111552.000000
112383.000000
113135.000000
113999.000000
114910.000000
115806.000000
116638.000000
117533.000000
118429.000000
119356.000000
120188.000000
120972.000000
121819.000000
122683.000000
123531.000000
124298.000000
125034.000000
125913.000000
126841.000000
127689.000000
128473.000000
129208.000000
130008.000000
130888.000000
131703.000000
132486.000000
133206.000000
134022.000000
134870.000000
135669.000000
136421.000000
137157.000000
137957.000000
138820.000000
139620.000000
140388.000000
141091.000000
141907.000000
142738.000000
143570.000000
144337.000000
145041.000000
145825.000000
