Millis
20176.000000
20928.000000
21759.000000
22639.000000
23535.000000
24382.000000
25198.000000
26014.000000
26845.000000
27693.000000
28525.000000
29340.000000
30172.000000
31004.000000
31900.000000
32779.000000
33611.000000
34475.000000
35354.000000
36218.000000
37017.000000
37849.000000
38681.000000
39577.000000
40456.000000
41288.000000
42168.000000
43015.000000
43847.000000
44679.000000
45542.000000
46390.000000
47254.000000
48037.000000
48837.000000
49701.000000
50548.000000
51348.000000
52148.000000
52980.000000
53859.000000
54707.000000
55571.000000
56466.000000
57362.000000
58242.000000
59073.000000
59953.000000
60801.000000
61681.000000
62512.000000
63343.000000
64223.000000
65087.000000
65951.000000
66751.000000
67630.000000
68510.000000
69341.000000
70173.000000
71005.000000
71837.000000
72685.000000
73452.000000
74252.000000
75083.000000
75931.000000
76811.000000
77611.000000
78442.000000
79274.000000
80090.000000
80905.000000
81625.000000
82281.000000
82952.000000
83864.000000
84712.000000
85543.000000
86311.000000
87031.000000
87847.000000
88695.000000
89478.000000
90182.000000
90885.000000
91637.000000
92437.000000
93189.000000
93908.000000
94580.000000
95268.000000
96099.000000
96899.000000
97667.000000
98419.000000
99138.000000
99970.000000
100802.000000
101554.000000
102353.000000
103105.000000
103889.000000
104721.000000
105488.000000
106208.000000
106960.000000
107775.000000
108575.000000
109327.000000
110063.000000
110814.000000
111534.000000
112318.000000
113069.000000
113805.000000
114541.000000
115261.000000
116028.000000
116828.000000
117596.000000
118316.000000
119067.000000
119851.000000
120650.000000
121402.000000
122154.000000
122858.000000
123625.000000
124409.000000
125177.000000
125945.000000
126680.000000
127496.000000
128280.000000
129079.000000
129815.000000
130535.000000
131270.000000
132023.000000
132822.000000
133558.000000
134262.000000
135029.000000
135845.000000
136677.000000
137460.000000
138212.000000
138948.000000
