Millis
75188
76116
77059
77923
78835
79779
80658
81554
82401
83345
84225
85184
86112
87120
88063
89007
89934
90846
91694
92541
93469
94365
95261
96252
97196
98107
99115
100059
101018
102010
102969
103881
104889
105897
106872
107848
108887
109863
110870
111814
112870
113845
114901
115860
116900
117876
118883
119875
120866
121794
122722
123713
124609
125521
126481
127376
128288
129263
130191
131135
132094
132990
133933
134877
135837
136748
137628
138524
139499
140475
141355
142250
143194
144154
145017
145881
146808
147752
148648
149495
150359
151319
152262
153142
153925
154805
155749
156645
157476
158276
159171
160083
160979
161827
162754
163714
164625
165505
166369
167264
168208
169056
169823
170719
171710
172574
173454
174397
175341
176317
177196
178012
178860
179787
180651
181467
182282
183194
184169
185034
185865
186729
187592
188456
189288
190120
190951
191863
192854
193750
