Millis
47125
48197
49252
50275
51395
52451
53539
54610
55666
56801
57857
58960
60064
61136
62319
63359
64446
65550
66574
67725
68877
69916
71100
72219
73275
74363
75466
76490
77593
78729
79769
80872
82040
83127
84263
85446
86502
87685
88869
89893
91012
92212
93268
94339
95651
96786
97953
99201
100321
101425
102704
103856
104959
106366
107566
108654
110653
112013
113020
114092
115211
116219
117195
118250
119337
120329
121225
122217
123256
124184
125032
126087
127207
128151
129190
130213
131173
132069
132916
133876
134932
135956
136883
137891
138962
139954
140865
141826
142881
143952
144912
145952
147087
148143
149102
150174
151261
152301
153277
154380
155468
156460
157419
158587
159706
160714
161802
163001
164105
165080
