Millis
53018
53978
54906
55817
56792
57752
58696
59527
60439
61335
62214
63030
63830
64598
65317
66117
66901
67684
68500
69283
70147
71043
71954
72850
73666
74434
75217
76081
76929
77776
78688
79536
80447
81359
82223
83150
84094
85037
85949
86893
87852
88796
89756
90731
91707
92650
93594
94537
95369
96185
96937
97736
98648
99607
100583
101559
102454
103254
104022
104821
105701
106645
107524
108420
109364
110275
111107
111923
112754
113538
114290
115009
115713
116513
117408
118208
119040
119919
120862
121694
122526
123326
124158
125037
125821
126637
127484
128412
129291
130075
130891
131642
132394
133178
133946
134761
135641
136537
137400
138232
139079
139927
140823
141606
142470
143317
144261
145189
146037
146916
147860
148772
149651
150499
151394
152370
153282
154161
155009
155937
156848
157664
158495
159279
160143
161039
161838
162670
163550
164493
165389
166221
167004
167884
168747
169579
170379
171210
