Millis
86284.000000
87067.000000
87883.000000
88682.000000
89562.000000
90394.000000
91210.000000
92009.000000
92889.000000
93721.000000
94536.000000
95384.000000
96216.000000
97048.000000
97815.000000
98583.000000
99415.000000
100279.000000
101110.000000
101878.000000
102678.000000
103557.000000
104453.000000
105284.000000
106068.000000
106884.000000
107764.000000
108595.000000
109363.000000
110147.000000
110994.000000
111858.000000
112690.000000
113490.000000
114321.000000
115169.000000
116017.000000
116800.000000
117584.000000
118448.000000
119327.000000
120191.000000
120991.000000
121822.000000
122670.000000
123486.000000
124269.000000
125101.000000
125981.000000
126828.000000
127596.000000
128460.000000
129291.000000
130155.000000
130987.000000
131818.000000
132682.000000
133530.000000
134313.000000
135113.000000
135913.000000
136745.000000
137513.000000
138280.000000
139096.000000
139976.000000
140840.000000
141655.000000
142503.000000
143382.000000
144182.000000
144934.000000
145750.000000
146533.000000
147301.000000
148005.000000
148644.000000
149364.000000
150211.000000
151043.000000
151811.000000
152611.000000
153410.000000
154274.000000
155074.000000
155809.000000
156481.000000
157201.000000
157969.000000
158736.000000
159456.000000
160176.000000
160975.000000
161823.000000
162607.000000
163358.000000
164126.000000
164894.000000
165726.000000
166557.000000
167325.000000
168061.000000
168876.000000
169708.000000
170556.000000
171356.000000
172091.000000
172843.000000
173643.000000
174506.000000
175290.000000
176010.000000
176793.000000
177609.000000
178441.000000
179193.000000
179928.000000
180648.000000
181400.000000
182183.000000
182935.000000
183607.000000
184311.000000
185062.000000
185814.000000
186630.000000
187382.000000
188117.000000
188869.000000
189637.000000
190437.000000
191204.000000
191972.000000
192739.000000
193556.000000
194355.000000
195155.000000
195922.000000
196706.000000
197522.000000
198354.000000
199137.000000
199873.000000
200641.000000
201440.000000
202240.000000
203008.000000
203775.000000
204559.000000
