Millis
132716.000000
133371.000000
134043.000000
134731.000000
135402.000000
136058.000000
136714.000000
137354.000000
137993.000000
138665.000000
139305.000000
139961.000000
140650.000000
141304.000000
141992.000000
142680.000000
143383.000000
144055.000000
144758.000000
145494.000000
146246.000000
146998.000000
147686.000000
148389.000000
149077.000000
149733.000000
150357.000000
150996.000000
151652.000000
152308.000000
152996.000000
153795.000000
154596.000000
155331.000000
156082.000000
156802.000000
157458.000000
158114.000000
158753.000000
159377.000000
160017.000000
160689.000000
161440.000000
162192.000000
162928.000000
163631.000000
164335.000000
165007.000000
165663.000000
166350.000000
167038.000000
167774.000000
168558.000000
169293.000000
170045.000000
170749.000000
171420.000000
172108.000000
172780.000000
173499.000000
174267.000000
175019.000000
175786.000000
176507.000000
177210.000000
177898.000000
178585.000000
179257.000000
179945.000000
180633.000000
181337.000000
182040.000000
182728.000000
183416.000000
184071.000000
184759.000000
185463.000000
186231.000000
186983.000000
187734.000000
188486.000000
189173.000000
189877.000000
190581.000000
191285.000000
192005.000000
192708.000000
193412.000000
194100.000000
194803.000000
195459.000000
196115.000000
196771.000000
197475.000000
198162.000000
198834.000000
199490.000000
200145.000000
200785.000000
201409.000000
202080.000000
202704.000000
203344.000000
204016.000000
204720.000000
205375.000000
206063.000000
206719.000000
207343.000000
207998.000000
208670.000000
209326.000000
209982.000000
210605.000000
211229.000000
211901.000000
212557.000000
213212.000000
213868.000000
214508.000000
215147.000000
215771.000000
216411.000000
217051.000000
217675.000000
218314.000000
218922.000000
219546.000000
220202.000000
220858.000000
221514.000000
222153.000000
222761.000000
223369.000000
223992.000000
224616.000000
225256.000000
225864.000000
226487.000000
227079.000000
227687.000000
228279.000000
228870.000000
229479.000000
230070.000000
230678.000000
231270.000000
231909.000000
232517.000000
233141.000000
233797.000000
234388.000000
234996.000000
235604.000000
236227.000000
236836.000000
237427.000000
238019.000000
238627.000000
239219.000000
239810.000000
240434.000000
241058.000000
241682.000000
242273.000000
242881.000000
243489.000000
244113.000000
244737.000000
245360.000000
245968.000000
246576.000000
247168.000000
247759.000000
248367.000000
248959.000000
249582.000000
250174.000000
250734.000000
251326.000000
251902.000000
