Millis
17840
18816
19776
20735
21631
22591
23566
24541
25485
26445
27452
28396
29388
30363
31355
32346
33370
34313
35321
36329
37289
38232
39192
40135
41095
42087
43078
44070
45062
46069
47077
48068
49076
50035
51027
51987
52930
53858
54802
55745
56689
57648
58640
59584
60527
61535
62543
63502
64446
65389
66349
67293
68252
69213
70155
71147
72123
73082
74026
75034
76009
76985
77913
78824
79784
80711
81655
82631
83558
84454
85334
86277
87221
88133
89076
89988
90916
91811
92755
93650
94610
95490
96369
97281
98209
99120
100016
100960
101935
102895
103791
104638
105566
106462
107293
108125
108957
109836
110732
111612
112507
113451
114426
115386
116330
117337
118329
119240
120152
121048
121944
122823
123655
124503
125398
126342
127269
128197
129189
130244
131220
132164
133171
134163
135106
136050
136945
