Millis
35736.000000
36568.000000
37464.000000
38391.000000
39239.000000
40055.000000
40950.000000
41862.000000
42757.000000
43589.000000
44389.000000
45188.000000
46004.000000
46900.000000
47748.000000
48563.000000
49347.000000
50210.000000
51122.000000
52018.000000
52850.000000
53713.000000
54593.000000
55457.000000
56336.000000
57168.000000
57952.000000
58767.000000
59663.000000
60591.000000
61486.000000
62318.000000
63166.000000
64061.000000
64925.000000
65869.000000
66716.000000
67500.000000
68315.000000
69147.000000
70027.000000
70907.000000
71834.000000
72650.000000
73417.000000
74265.000000
75097.000000
76009.000000
76904.000000
77800.000000
78584.000000
79351.000000
80167.000000
80967.000000
81846.000000
82774.000000
83622.000000
84437.000000
85333.000000
86213.000000
87124.000000
88052.000000
88884.000000
89684.000000
90499.000000
91347.000000
92243.000000
93074.000000
93906.000000
94674.000000
95393.000000
96209.000000
97024.000000
97825.000000
98640.000000
99568.000000
100495.000000
101359.000000
102175.000000
103022.000000
103918.000000
104749.000000
105565.000000
106365.000000
107261.000000
108172.000000
109004.000000
109788.000000
110603.000000
111451.000000
112331.000000
113114.000000
113882.000000
114650.000000
115434.000000
116329.000000
117128.000000
117912.000000
118744.000000
119624.000000
120471.000000
121255.000000
122007.000000
122775.000000
123606.000000
124454.000000
125237.000000
126005.000000
126805.000000
127637.000000
128468.000000
129204.000000
129972.000000
130755.000000
131571.000000
132419.000000
133186.000000
133986.000000
134818.000000
135649.000000
136497.000000
137264.000000
138032.000000
138816.000000
139615.000000
140399.000000
141135.000000
141903.000000
142703.000000
143534.000000
144366.000000
145150.000000
145933.000000
146749.000000
147597.000000
148428.000000
149244.000000
150028.000000
150859.000000
151723.000000
152570.000000
153354.000000
154154.000000
154954.000000
