Millis
27300
28403
29475
30594
31634
32705
33793
34801
35840
36912
37919
38991
40079
41118
42222
43326
44413
45484
46524
47532
48603
49707
50698
51770
52842
53818
54857
55896
56872
57960
59032
60039
61095
62118
63158
64149
65189
66197
67172
68212
69235
70243
71299
72322
73282
74322
75393
76449
77552
78656
79663
80735
81822
82878
83950
85069
86061
86909
88060
89068
90123
91243
92267
93338
94490
95513
96537
97609
98712
99688
100615
101607
102583
103526
104438
105430
106549
107605
108565
109620
110644
111587
112595
113555
114643
115586
116530
117537
118529
119489
120368
121344
122399
123439
124367
125439
126558
127566
128493
129517
130573
131548
132524
133548
134603
135611
136554
137578
138633
139641
140553
141561
142632
143624
144567
