Millis
26521
27497
28377
29193
30056
30984
31927
32839
33734
34710
35734
36693
37589
38453
39508
40484
41379
42259
43251
44275
45266
46209
47185
48210
49216
50304
51056
51935
52831
53695
54526
55438
56414
57421
58285
59052
59916
60828
61755
62587
63387
64154
64906
65961
66825
67800
68632
69496
70312
71207
72215
73159
74006
74934
75877
76789
77668
78564
79524
80468
81395
82275
83170
83842
85074
85986
86929
87872
88768
89728
90719
91711
92574
93502
94414
95422
96333
97229
98188
99148
100044
100971
101979
103002
103930
104777
105737
106681
107608
108472
109351
110359
111351
112246
113126
114086
115077
115989
116868
117844
118852
119779
120628
121523
122450
123346
124162
124993
125889
126880
127728
128608
129551
130575
131407
132222
133070
133950
134861
135693
136525
137388
138284
139180
140075
140891
141834
142762
143674
144505
145401
