73.808612	,	74.163462
73.247863	,	73.457143
73.457143	,	73.73805
73.109005	,	73.31749
73.178368	,	73.178368
73.109005	,	72.901701
74.234841	,	73.457143
74.883495	,	74.521739
74.956268	,	74.956268
74.59381	,	75.10224
73.597328	,	74.092219
73.31749	,	73.457143
72.558796	,	72.970672
72.558796	,	72.354597
72.490602	,	72.558796
72.490602	,	72.627119
72.69557	,	72.558796
73.109005	,	72.970672
72.832861	,	73.178368
72.901701	,	72.69557
73.457143	,	73.039773
73.457143	,	73.597328
73.039773	,	73.178368
73.178368	,	72.832861
73.667622	,	73.457143
73.808612	,	73.87931
73.31749	,	73.38725
73.87931	,	73.457143
74.378013	,	74.449807
73.597328	,	73.87931
73.808612	,	73.667622
73.597328	,	74.021113
73.039773	,	73.457143
72.901701	,	72.970672
72.490602	,	72.490602
72.832861	,	72.627119
72.970672	,	72.901701
73.597328	,	72.901701
74.306358	,	73.950144
75.10224	,	74.810863
75.543585	,	75.322266
75.766208	,	75.766208
75.395894	,	75.691855
75.322266	,	75.395894
75.543585	,	75.469667
75.840708	,	75.617647
76.442022	,	76.140178
76.976048	,	76.66998
77.362086	,	77.13
77.362086	,	77.517588
76.976048	,	77.13
76.899302	,	76.822709
76.899302	,	77.052947
77.673716	,	77.13
78.704082	,	78.225152
79.026639	,	78.784474
79.351852	,	79.270298
78.543788	,	78.945752
77.909091	,	78.066802
77.517588	,	77.752016
77.595573	,	77.517588
78.304569	,	77.909091
78.784474	,	78.704082
78.623853	,	78.784474
78.463886	,	78.623853
77.987867	,	78.225152
78.145897	,	77.987867
78.145897	,	78.225152
77.987867	,	77.987867
73.994638	,	73.661111
73.569482	,	74.029922
73.932972	,	73.209549
73.6	,	73.6
72.994417	,	73.347901
73.015873	,	73.170732
73.569482	,	72.823219
74.393531	,	74.193548
74.796748	,	74.796748
75.022652	,	75
74.193548	,	74.572201
73.465042	,	73.66548
73.015873	,	73.347901
72.440945	,	72.631579
72.754965	,	72.495914
72.428272	,	72.631579
72.440945	,	72.580645
73.015873	,	72.87877
73.024459	,	73.187979
72.580645	,	73.015873
73.170732	,	72.823219
73.6	,	73.391243
73.209549	,	73.404255
72.81468	,	72.972973
73.525929	,	73.209549
73.849447	,	73.682962
73.6	,	73.796791
73.469388	,	73.404255
74.545345	,	73.862623
73.796791	,	74.193548
73.796791	,	73.713574
73.796791	,	73.924171
73.369565	,	73.595639
72.972973	,	73.015873
72.631579	,	72.823219
72.631579	,	72.440945
73.131955	,	72.891602
73.170732	,	72.827489
74.08733	,	73.836276
74.594595	,	74.317855
75.20436	,	75
75.630252	,	75.616438
75.625647	,	75.824176
75.20436	,	75.208914
75.616438	,	75.487753
75.680946	,	75.824176
76.056338	,	75.824176
76.454294	,	76.033058
77.24361	,	77.047146
77.52809	,	77.310924
77.24361	,	77.310924
76.927841	,	77.047146
76.96121	,	77.310924
77.162028	,	76.880223
78.409091	,	77.746479
78.632479	,	78.562844
79.173838	,	78.907243
79.178886	,	79.310345
77.966102	,	78.632479
77.52809	,	77.746479
77.566825	,	77.586207
78.098472	,	77.52809
78.717201	,	78.399192
78.857143	,	78.857143
78.857143	,	78.857143
78.26087	,	78.488372
77.966102	,	77.966102
78.26087	,	78.196814
77.966102	,	77.966102
74.883495	,	75.175439
75.469667	,	75.322266
75.395894	,	75.322266
75.24878	,	75.24878
75.24878	,	75.10224
74.956268	,	74.521739
73.950144	,	73.73805
73.73805	,	73.73805
74.092219	,	74.378013
74.738372	,	74.738372
74.59381	,	74.521739
74.092219	,	73.527169
72.69557	,	72.558796
72.558796	,	72.970672
73.73805	,	74.092219
74.378013	,	74.306358
74.134984	,	73.527169
72.764151	,	71.218837
69.927471	,	69.299191
69.299191	,	70.309936
71.682156	,	73.039773
73.907592	,	74.378013
74.449807	,	74.449807
73.808224	,	72.69557
71.350601	,	70.502742
69.990926	,	69.674797
69.997341	,	70.631868
71.815642	,	73.667622
75.3963	,	76.822709
77.517588	,	77.207207
75.840708	,	74.378013
72.620212	,	71.218837
70.054496	,	69.361511
69.361511	,	69.361511
69.674797	,	69.927471
70.891544	,	72.354597
73.527169	,	74.163462
74.810863	,	74.810863
74.449807	,	73.950144
73.31749	,	73.597328
73.808612	,	73.667622
73.808612	,	74.092219
74.092219	,	74.521739
74.666021	,	74.810863
75.10224	,	75.175439
75.395894	,	75.543585
75.840708	,	75.990148
75.915354	,	75.617647
75.840708	,	75.990148
76.290801	,	76.215415
76.065089	,	76.140178
76.140178	,	76.290801
76.528714	,	76.822709
76.822709	,	77.052947
77.052947	,	77.13
77.284569	,	77.362086
77.595573	,	77.830474
77.819245	,	77.595573
77.517588	,	77.362086
77.103862	,	76.899302
76.442022	,	76.442022
76.366337	,	76.66998
76.976048	,	76.899302
76.976048	,	77.13
77.544007	,	77.13
76.822709	,	76.442022
76.065089	,	75.469667
75.029183	,	74.738372
74.666021	,	74.792244
75	,	75.348513
75.318375	,	75.20436
75.20436	,	75
75.20436	,	75.208914
75	,	74.81477
74.581157	,	74.053776
73.770492	,	73.796791
73.788023	,	73.972603
74.193548	,	74.65737
74.796748	,	74.796748
74.590115	,	74.012276
73.32192	,	72.908717
72.640075	,	72.77628
73.063121	,	73.6
74.193548	,	74.193548
74.380165	,	74.175824
73.6	,	72.737921
71.182944	,	70.054713
69.653973	,	69.498069
70.252842	,	71.688312
72.648573	,	73.770492
74.193548	,	74.393531
74.380165	,	73.796791
72.631579	,	71.713147
70.680628	,	70.050761
69.873418	,	69.948187
70.769231	,	71.875
73.757349	,	75.409836
76.785162	,	77.094972
77.142857	,	75.824176
74.393531	,	72.960113
71.338311	,	70.229008
69.521411	,	69.346734
69.40874	,	69.716531
70.074475	,	71.040439
72.251309	,	73.404255
74.171394	,	74.594595
74.882431	,	74.393531
73.770492	,	73.38257
73.404255	,	73.700451
73.994638	,	73.950581
74.193548	,	74.193548
74.175824	,	74.594595
75	,	75
75.20436	,	75.409836
75.616438	,	75.662504
76.033058	,	76.079632
75.963303	,	75.963303
76.079632	,	76.454294
76.454294	,	76.243094
75.981892	,	76.243094
76.243094	,	76.619371
76.799406	,	76.923077
76.899263	,	76.880223
77.094972	,	77.310924
77.58136	,	77.746479
77.848815	,	77.52809
77.586207	,	77.586207
77.508737	,	77.52809
76.880223	,	76.652472
76.275871	,	76.243094
76.487252	,	76.880223
76.904025	,	76.923077
77.094972	,	77.094972
77.094972	,	76.894502
76.487252	,	76.033058
75.630252	,	75
74.796748	,	74.729242
54.70220122	,	53.9296757
54.20259847	,	53.57152423
54.62500842	,	54.47622022
54.81915162	,	54.76161357
55.13246494	,	55.00408864
54.81895128	,	55.00408864
54.81895128	,	54.46118823
54.6248095	,	55.21424969
54.81895128	,	55.3272793
55.77016742	,	55.75658903
56.25805193	,	56.67242207
56.79645287	,	56.98698417
57.5590916	,	58.1014199
58.78756525	,	59.35393245
59.10258633	,	59.73983303
58.92207948	,	58.86202056
59.10264455	,	59.49671727
59.23919107	,	58.87345641
59.4675867	,	59.25545521
59.4675867	,	59.50267663
60.06974097	,	60.27685158
61.0204449	,	60.67439591
61.0204449	,	61.19763777
60.06968083	,	59.91061336
59.69792848	,	59.49713026
59.79013662	,	59.61417705
59.23884014	,	59.09490247
58.96695787	,	58.85087776
58.8766916	,	59.10072339
58.96672606	,	58.95224181
59.32957579	,	59.48303296
58.65286109	,	58.47457379
58.16630717	,	57.85100858
57.94833906	,	57.83762472
58.29855662	,	58.22828788
58.07959809	,	58.10310784
57.94889873	,	58.06543394
58.29912308	,	58.58619787
59.33080782	,	59.3271119
59.23965898	,	58.99171363
58.743362	,	58.35151145
59.33074915	,	59.61204481
59.93006162	,	59.8820324
59.93006162	,	59.97720866
59.93006162	,	60
60.87575866	,	61.1822865
61.50691953	,	61.52167716
61.26262265	,	61.0618037
60.16328315	,	60.29114594
60.49356701	,	60.92688064
60.39857016	,	60.63539834
59.28461258	,	59.35457832
58.96736353	,	59.19617514
59.51306411	,	59.63396671
59.28431969	,	59.48262017
58.47525766	,	58.61252432
58.38671663	,	58.55132316
58.69801924	,	58.84828031
58.78773805	,	58.54566708
58.21094482	,	58.22727074
58.56475358	,	58.49600911
59.65157515	,	59.61068263
59.60547138	,	59.6020964
59.37601743	,	59.22667727
59.74423493	,	59.56481943
60.35203341	,	60.1299408
59.97630936	,	59.78840882
59.37625247	,	59.48191254
59.51347732	,	59.47071067
59.88316794	,	59.86918583
59.284554	,	60.39322026
59.37584116	,	59.42777
60.11626486	,	60.13265263
60.63613368	,	60.52560435
59.88280934	,	59.78554923
58.83212352	,	58.72254965
58.83212352	,	58.97362306
59.19313833	,	59.02119254
58.69801924	,	58.66169216
58.38705754	,	58.12888919
58.92254239	,	57.86077155
58.16715301	,	58.27913374
57.0485369	,	57.05803087
56.58813177	,	56.80747662
57.26037725	,	57.37953406
58.12348334	,	57.99572572
57.90583546	,	57.73955419
57.68925682	,	57.69402742
57.73255394	,	57.97387118
57.47429223	,	57.95483194
57.38880918	,	57.61607719
58.8773849	,	58.89431807
58.74307444	,	58.82329873
59.42200218	,	59.24147219
59.55943883	,	59.22743731
59.42176679	,	59.08372952
59.19378071	,	59.06971112
59.55943883	,	59.51725554
59.55943883	,	59.2276127
59.42200218	,	59.2276127
58.96765329	,	58.97437662
58.69859348	,	58.58791409
59.46776352	,	59.48309193
59.92982218	,	60.11638532
59.79067285	,	59.74881598
59.1034014	,	59.48285605
58.16732218	,	57.86177593
57.86188753	,	57.57207064
57.81839627	,	57.62017167
57.86188753	,	57.58533186
58.25514199	,	57.98322739
58.65360646	,	58.06459105
58.03572292	,	57.620061
57.3024855	,	56.90709916
57.09038836	,	57.016877
57.43028203	,	57.08740081
57.86116214	,	57.98277911
57.73099856	,	57.81516492
57.77435839	,	57.74005428
57.73099856	,	57.65405644
57.77435839	,	57.98244292
57.64486154	,	57.77975513
57.7741915	,	57.15995069
57.00571767	,	57.86038097
56.67081623	,	57.02343378
56.67081623	,	57.19684007
56.79602276	,	57.37920482
56.79602276	,	57.32109846
56.58765144	,	57.14204083
56.17546218	,	56.90682929
55.89079684	,	56.63695429
56.09400607	,	56.90693724
56.42247646	,	57.81042997
57.13328052	,	57.26163413
57.51666066	,	57.62072502
57.51666066	,	57.74127674
56.96436879	,	57.02543905
56.54722636	,	56.72085399
56.96490962	,	57.26218062
57.73227619	,	57.78164701
57.6025806	,	57.29936627
56.96420654	,	56.80645473
56.83831205	,	57.03188938
57.2176215	,	56.92853476
56.83820437	,	57.02484287
56.34025004	,	56.3265513
56.63005848	,	56.90726108
57.09076861	,	57.44666795
56.9223238	,	57.02733605
56.9223238	,	57.22422454
57.68875761	,	58.10749693
57.818842	,	58.46078597
57.47412706	,	57.8685843
57.6029124	,	57.84292176
58.16749135	,	58.32366133
58.6095471	,	58.8516859
58.21150958	,	58.4777083
58.38790981	,	58.35996817
58.47611251	,	58.54675251
58.12376487	,	58.22857043
57.55980944	,	57.62083569
57.13338932	,	57.14340137
57.2604319	,	56.81118802
57.00625929	,	57.05906183
56.71313363	,	56.72568028
56.13530855	,	56.09772972
56.21683207	,	55.98362292
55.60910506	,	55.86997938
55.52933337	,	55.44353907
55.33013648	,	55.27549306
55.85104898	,	55.75679629
56.54711977	,	56.41016963
55.81073464	,	56.21146002
55.33054467	,	55.50077424
55.81073464	,	55.96096163
56.54711977	,	56.55756712
56.50558181	,	56.48302779
56.46410483	,	56.21209197
56.54658685	,	56.96242189
63.902237	,	63.743802
63.743802	,	64.43609
64.43609	,	64.706376
65.586735	,	66.149228
66.319862	,	66.434109
66.606218	,	67.186411
68.256637	,	69.05103
69.674797	,	69.895754
70.374088	,	70.891544
70.309936	,	69.990926
69.174888	,	68.136042
67.011295	,	65.97947
64.869638	,	63.875803
63.325123	,	62.656377
62.3021	,	61.951807
62.201613	,	62.3021
62.101449	,	62.201613
62.453441	,	63.638614
64.489967	,	65.30906
65.923077	,	66.149228
65.706442	,	66.149228
66.721453	,	66.606218
65.97947	,	64.869638
64.275	,	64.008299
64.008299	,	63.743802
63.631132	,	62.809446
62.707317	,	62.809446
63.221311	,	63.481481
63.481481	,	64.061462
64.978938	,	65.531011
65.698467	,	67.069565
68.075905	,	68.866071
68.866071	,	69.112903
69.990926	,	70.181984
70.309936	,	71.350601
73.38725	,	73.950144
74.666021	,	75.029183
75.840708	,	75.691855
74.306358	,	73.039773
71.682156	,	70.891544
69.86413	,	69.236984
68.136042	,	67.244987
68.015873	,	68.317095
68.499112	,	68.804639
68.620996	,	68.620996
68.499112	,	68.015873
67.421329	,	67.896127
66.953125	,	66.548749
66.548749	,	66.376936
67.598598	,	68.499112
68.989267	,	69.611913
70.502742	,	70.438356
71.153137	,	71.087558
70.956762	,	71.682156
71.350601	,	71.350601
71.022099	,	71.682156
71.949627	,	72.69557
72.354597	,	72.764151
73.38725	,	73.73805
74.092219	,	74.666021
75.175439	,	75.543585
76.140178	,	76.366337
77.13	,	63.888889
64.037123	,	64.037123
64.136328	,	64.469245
64.941176	,	65.413177
65.993624	,	66.18705
66.282421	,	66.584464
66.990291	,	68.316832
69.404862	,	69.552556
69.69697	,	70.576202
70.769231	,	70.540126
70.229008	,	69.230769
67.980296	,	66.666667
65.85715	,	64.914023
63.741339	,	63.302752
62.886076	,	62.340009
61.883408	,	62.068966
62.302483	,	62.162162
62.355658	,	62.727273
63.59447	,	64.299027
65.231092	,	65.714286
66.028708	,	65.846676
66.367425	,	66.828087
66.339066	,	65.714286
64.98875	,	64.603167
64.272407	,	64.037123
63.68251	,	63.448276
62.937063	,	62.443439
62.692444	,	63.302752
63.548915	,	63.81032
63.829787	,	64.941176
65.533981	,	65.871122
66.892874	,	68.656716
69.172932	,	69.011502
69.346734	,	69.420379
70.197253	,	70.408163
71.60565	,	73.404255
74.193548	,	74.149254
75	,	75.630252
75.409836	,	74.380165
72.823219	,	71.688312
70.769231	,	70.229008
69.327379	,	68.181818
67.331671	,	67.791059
68.148148	,	68.596046
69.172932	,	68.961688
69	,	68.486352
67.669173	,	67.650744
67.798461	,	67.481663
66.741899	,	66.346154
66.346154	,	67.331671
68.335626	,	68.82793
69.948187	,	70.305133
70.910648	,	70.951157
71.41625	,	71.158474
71.502591	,	71.618037
71.113656	,	71.134021
71.420357	,	72.170914
72.386059	,	72.631579
72.398718	,	73.378235
73.994638	,	74.295627
74.796748	,	75.177047
75.428155	,	75.824176
76.350894	,	77.071052
65.033727	,	66.434109
67.186411	,	68.075905
69.86413	,	71.482854
72.901701	,	73.38725
74.306358	,	75.24878
75.990148	,	74.883495
73.808612	,	72.764151
72.016807	,	72.016807
72.016807	,	72.016807
71.218837	,	70.631868
70.309936	,	70.696609
70.631868	,	70.631868
70.181984	,	69.05103
67.955947	,	66.895056
66.262887	,	65.698467
65.198648	,	64.543933
64.43609	,	64.168053
63.221311	,	63.11784
62.860636	,	63.221311
63.796526	,	64.760705
65.866781	,	67.069565
67.362445	,	67.069565
67.657895	,	67.186411
67.776801	,	68.56
69.486486	,	69.361511
68.56	,	67.657895
67.776801	,	68.37766
68.256637	,	68.866071
69.174888	,	69.361511
68.743316	,	68.56
69.86413	,	71.682156
73.247863	,	74.163462
74.521739	,	75.617647
75.691855	,	74.883495
73.950144	,	73.597328
73.178368	,	71.949627
70.826446	,	70.631868
71.482854	,	71.482854
70.956762	,	70.696609
71.153137	,	71.682156
71.815642	,	72.219101
72.901701	,	73.597328
73.73805	,	73.457143
73.597328	,	73.73805
73.597328	,	73.597328
73.039773	,	72.354597
71.284658	,	70.826446
70.502742	,	70.245902
69.800905	,	69.361511
69.611913	,	69.174888
68.438332	,	67.776801
67.955947	,	67.776801
67.011295	,	66.434109
66.434109	,	66.837088
66.779221	,	66.434109
66.548749	,	67.598598
67.896127	,	68.075905
68.743316	,	69.05103
69.990926	,	70.502742
70.438356	,	70.309936
70.181984	,	69.990926
70.181984	,	69.86413
69.800905	,	70.309936
70.309936	,	65.217391
66.36652	,	67.303103
68.369481	,	70.229008
71.65109	,	72.972973
73.404255	,	74.380165
75.409836	,	75.680946
74.973991	,	73.804816
72.580645	,	71.875
72	,	72.062663
71.502591	,	71.244192
70.769231	,	70.268741
70.588235	,	70.59626
70.680628	,	70.050761
68.919594	,	67.813268
67.135135	,	66.506024
65.871122	,	65.375303
64.788732	,	64.355666
63.954686	,	63.302752
63.157895	,	63.058489
63.029688	,	63.741339
64.596661	,	66.021688
67.153285	,	67.624959
67.647059	,	67.702371
67.317073	,	67.669173
68.82793	,	69.346734
69.393228	,	68.656716
67.360885	,	67.647059
68.062253	,	68.260511
68.82793	,	69.40874
69.172932	,	68.656716
68.82793	,	69.873418
71.808511	,	73.248408
74.09617	,	74.491693
75.616438	,	75.657895
75.20436	,	74.193548
73.643641	,	72.823219
72	,	70.914697
70.408163	,	71.412144
71.317829	,	71.028251
70.588235	,	71.134021
71.618037	,	71.69245
72.142193	,	72.921559
73.6	,	73.796791
73.796791	,	73.713574
73.871409	,	73.796791
73.369565	,	73.205234
72.440945	,	71.223764
71.317829	,	70.488082
70.050761	,	69.459203
69.280973	,	69.521411
69.230769	,	68.486352
67.980296	,	68.024975
67.481663	,	67.164179
66.346154	,	66.563053
66.990291	,	66.975841
66.506024	,	66.666667
67.357232	,	67.768866
68.253009	,	68.609429
69.327379	,	70.062616
70.408163	,	70.12987
70.050761	,	70.141752
70.007328	,	70.408163
69.763523	,	69.832041
70.12987	,	70.217096
56.217201	,	56.505495
56.754967	,	56.094545
56.013072	,	56.217201
56.464129	,	56.094545
55.931835	,	56.094545
56.880531	,	57.431124
57.64574	,	57.948911
58.079819	,	58.431818
58.743336	,	58.520486
58.387585	,	58.653992
58.520486	,	58.167421
57.602689	,	57.992481
58.653992	,	58.520486
57.818591	,	57.992481
58.78811	,	59.93007
60.399374	,	60.589159
60.541601	,	61.068884
60.780142	,	60.399374
60.446708	,	60.636792
60.780142	,	59.698142
58.653992	,	58.387585
59.376443	,	58.96789
58.653992	,	58.877863
59.330769	,	59.194167
58.079819	,	57.948911
59.330769	,	61.02057
62.352466	,	63.325123
63.066231	,	64.168053
65.143581	,	64.869638
65.253807	,	66.262887
66.262887	,	64.978939
63.11784	,	63.221311
65.531011	,	66.376936
66.548749	,	67.598598
70.567246	,	72.151544
72.490602	,	73.527169
75.175439	,	76.746269
76.746269	,	77.052947
78.145897	,	80.093458
80.093458	,	80.511482
82.053191	,	83.203883
85.320796	,	84.758242
85.320796	,	85.986622
86.565657	,	87.251131
86.565657	,	84.572368
83.655098	,	83.928183
81.878981	,	80.34375
79.270298	,	77.987867
76.822709	,	75.691855
75.10224	,	74.956268
74.521739	,	73.950144
73.87931	,	74.378013
73.597328	,	73.597328
74.163462	,	74.521739
74.666021	,	74.092219
73.667622	,	73.808612
73.667622	,	72.901701
73.039773	,	73.247863
73.039773	,	73.178368
72.612487	,	73.597328
74.092219	,	56.400708
56.673511	,	56.619256
56.097561	,	55.900621
56.33675	,	56.673511
56.211813	,	56.016598
56.29231	,	56.722689
57.380457	,	57.797012
57.861635	,	58.192382
58.598726	,	58.598726
58.350951	,	58.315335
58.598726	,	58.590433
58.105263	,	57.587982
58.105263	,	58.692878
58.350951	,	57.861635
58.105263	,	58.993968
59.973924	,	60.379193
60.393873	,	60.694913
61.04694	,	60.558779
60.393873	,	60.526316
60.760237	,	60.526316
59.602649	,	58.73729
58.598726	,	59.354839
59.080963	,	58.974359
58.926792	,	59.227468
59.005178	,	58.227848
58.189655	,	59.354839
61.03794	,	62.17461
63.341493	,	62.743117
64.093302	,	65.09434
64.941176	,	65.248227
66.176471	,	66.346154
65.217391	,	63.145051
63.157895	,	66.011161
66.666667	,	66.734727
67.813268	,	70.544133
72	,	72.440945
73.282983	,	75.409836
76.870706	,	76.709283
76.880223	,	78.034682
79.768786	,	80.056723
80.933142	,	81.877513
83.44531	,	84.923077
84.415143	,	85.132634
85.981308	,	86.538462
87.090667	,	86.792453
84.535802	,	83.658898
83.574457	,	82.142857
81.176471	,	79.214236
77.966102	,	77.138066
76.056338	,	75
74.895978	,	74.796748
74.189117	,	73.82311
73.994638	,	73.972603
73.796791	,	73.994638
74.554295	,	74.796748
74.074074	,	73.6
73.604362	,	73.770492
72.844575	,	72.925841
73.101825	,	73.015873
73.015873	,	72.823219
73.521577	,	74.08733
59.0126592	,	59.10136376
59.51353635	,	59.65204959
60.25748021	,	60.42904623
60.5891079	,	60.67470269
60.82805228	,	60.79335326
60.92415856	,	60.73735145
61.21424578	,	61.06286014
61.31120135	,	61.50420843
61.21424578	,	61.47081212
61.21424578	,	61.33420292
60.82799061	,	60.88020602
60.21067716	,	60.00090001
59.69804728	,	59.60375424
59.65175307	,	59.5895472
60.21067716	,	60.21031463
60.3519727	,	60.52694761
59.60547138	,	59.81874919
59.28508121	,	59.27325067
59.23942502	,	59.15987068
59.42200218	,	59.35493061
59.14861484	,	59.14575782
58.92277385	,	59.10089804
58.92277385	,	58.95224181
59.51371345	,	59.68278599
59.60570824	,	59.66302324
59.28478831	,	59.42353231
59.51353635	,	59.40646996
59.97624941	,	60.00078001
60.58874079	,	60.6751322
60.35154777	,	60.39461844
59.97630936	,	60.00084001
59.97630936	,	59.93131871
60.82774394	,	60.87100318
60.68415314	,	60.4708868
59.97606955	,	60.00054
59.65169376	,	59.54265288
59.74435391	,	59.86966374
59.60558981	,	59.53969859
58.92231093	,	59.02752158
58.65331978	,	58.72364165
58.9217323	,	59.01649019
59.23843073	,	59.08099512
58.34197929	,	58.22811836
57.99084904	,	58.15723001
58.47474476	,	58.59901476
59.2381383	,	59.35540035
59.1021788	,	59.14336747
58.5639533	,	58.66857535
58.78716206	,	58.62157235
59.467292	,	59.35545907
59.69769089	,	59.56901815
60.68403039	,	60.8858897
62.55453974	,	62.82913303
63.90232317	,	63.88919059
62.50423206	,	62.54404143
62.65657617	,	62.72725562
61.95204705	,	61.82813427
62.91207409	,	62.58494603
64.00873933	,	64.15932042
64.70684027	,	64.52265068
64.27540727	,	64.03688525
63.06661411	,	63.01349434
62.70771932	,	62.3993161
63.06661411	,	63.01349434
65.42012258	,	65.13879993
64.8699142	,	64.60713478
67.01125342	,	66.83911157
68.74332617	,	69.0002553
69.17495037	,	68.82817734
69.17495037	,	69.40901693
70.82654579	,	71.13437996
73.59741722	,	73.2099258
74.52184919	,	74.71617194
74.30644224	,	74.39396814
75.24888569	,	75.16847134
76.97617074	,	77.14293429
77.98801324	,	78.18710173
78.6239756	,	78.77220391
79.43369074	,	79.538992
80.68007928	,	80.56048616
81.87918181	,	81.89918756
81.10431637	,	81.65687238
81.3608966	,	81.41598684
82.7577075	,	82.71731908
83.20402042	,	83.68142482
85.03871387	,	84.90562033
85.70008399	,	85.5194236
85.22666742	,	85.02184353
85.51003888	,	85.67879022
86.37182206	,	86.3038644
87.15255183	,	86.79237095
87.64766806	,	87.34171134
86.46853842	,	86.52028396
85.03847282	,	85.09757146
84.75821307	,	84.54729153
84.66516339	,	84.93470644
83.92817427	,	84.07800758
83.20378966	,	82.96597842
81.18937015	,	81.2083807
80.01024131	,	79.95373344
79.67958184	,	79.76888296
78.14575747	,	78.409131
77.59547153	,	77.31092004
76.59372391	,	76.76619831
76.06490872	,	76.12628844
75.7659942	,	75.60722049
74.59355835	,	74.61248142
73.59714639	,	73.73099737
73.80845476	,	73.99450714
73.66744795	,	73.99450714
72.97050775	,	73.17055324
72.90152947	,	72.63139928
71.88237169	,	72.05830958
72.21893894	,	72.1923493
73.10885665	,	72.63139928
72.08402114	,	71.999856
72.4905581	,	72.23441512
72.28671804	,	72.25128999
72.5587605	,	72.25128999
72.5587605	,	72.44093347
72.5587605	,	72.38604928
90.955189	,	90.955189
91.278107	,	91.278106
91.170213	,	90.741176
90.10514	,	89.581882
88.757192	,	87.548241
86.46861	,	85.509978
84.758242	,	84.572368
84.851485	,	85.226519
85.795328	,	86.275168
87.054176	,	88.249428
88.859447	,	88.047945
87.054176	,	86.275168
85.320796	,	84.851485
84.295082	,	84.295082
84.295082	,	84.851485
85.415282	,	86.760405
87.74744	,	87.647727
87.74744	,	87.548241
87.548241	,	87.251131
86.956032	,	86.178771
85.320796	,	84.851485
84.111232	,	84.387309
84.295082	,	84.295082
84.572368	,	84.387309
84.111232	,	83.655098
82.935484	,	82.846402
83.293737	,	83.114224
83.655098	,	84.019608
84.019608	,	83.7982
83.928183	,	84.111232
84.851485	,	85.509978
86.082589	,	87.054176
87.251131	,	87.548241
87.054176	,	86.219761
85.038589	,	84.572368
84.295082	,	84.111232
84.019608	,	83.745928
83.383784	,	82.66881
82.66881	,	83.655098
84.295082	,	85.038589
85.986622	,	86.46861
86.79736	,	86.858108
86.956032	,	87.74744
88.553387	,	89.064665
89.790454	,	90.316159
90.634548	,	90.955189
91.237239	,	91.712247
91.712247	,	91.494662
91.186273	,	91.170213
91.494662	,	91.170213
90.977128	,	90.634548
90.634548	,	91.170213
92.040573	,	92.371257
92.576478	,	92.040573
91.821429	,	92.150538
92.570311	,	92.927711
93.152174	,	92.85885
92.927711	,	93.490909
94.060976	,	94.987685
94.870849	,	94.638037
94.290954	,	94.290954
94.406365	,	95.05974
94.987685	,	94.870849
94.987685	,	94.854398
95.576208	,	96.4125
96.896985	,	97.445729
98.005083	,	98.068385
98.631714	,	99.011553
99.39433	,	99.412393
99.23014	,	98.380102
98.631714	,	98.445083
98.129771	,	97.941862
97.756654	,	97.509482
97.386364	,	97.756654
98.16524	,	99.193769
99.138817	,	99.266409
99.266409	,	99.138817
99.39433	,	99.651163
99.011553	,	98.573225
98.556851	,	98.360656
98.398426	,	98.50776
98.743589	,	98.98055
98.96404	,	98.947536
99.011553	,	99.453797
99.856811	,	100.263105
91.089109	,	91.089109
91.089109	,	91.525424
91.122524	,	90.789474
90.301003	,	89.623322
88.745981	,	87.898089
86.520376	,	85.448916
85.033548	,	84.449582
84.894053	,	85.021906
85.785329	,	86.508323
87.066246	,	88.178914
89.032258	,	87.985265
86.950434	,	86.460146
85.454796	,	84.824478
84.570339	,	84.146341
84.40367	,	84.662577
85.185185	,	86.980881
87.619048	,	87.662338
87.662338	,	87.898089
87.378641	,	87.090667
86.792453	,	86.25
85.448916	,	84.923077
84.289108	,	84.163448
84.357808	,	84.237656
84.461068	,	84.639498
84.40367	,	83.890578
83.093597	,	82.656728
82.993652	,	83.283042
83.636364	,	83.800013
83.890578	,	83.890578
83.890578	,	84.146341
84.90566	,	85.443038
86.520376	,	86.81672
87.347915	,	87.619048
87.341772	,	86.25
85.185185	,	84.501293
83.947279	,	84.11215
83.692722	,	83.715287
83.378088	,	82.882883
82.882883	,	83.563211
84.146341	,	84.824478
85.886177	,	86.267972
87.005254	,	87.066246
87.341772	,	87.898089
88.461538	,	89.108911
90	,	90.696655
90.604027	,	91.089109
91.390728	,	91.694352
91.390728	,	91.613189
91.102472	,	91.09579
91.289967	,	91.182733
91.216216	,	90.789474
90.491803	,	91.089109
92.307692	,	92.081851
92.465753	,	92.307692
92	,	92.184369
92.479523	,	92.929293
93.243243	,	93.243243
92.929293	,	93.495935
94.076655	,	94.845361
94.816398	,	94.405594
94.197952	,	94.183666
94.305239	,	94.610167
95.130537	,	95.238095
95.070423	,	94.925099
95.531113	,	96.759115
97.327796	,	97.826087
98.181818	,	98.25784
98.601399	,	98.924731
99.630996	,	99.264706
99.130018	,	98.571429
98.073279	,	98.28282
98.143026	,	97.909112
97.197662	,	97.183099
97.236358	,	98.150782
98.368446	,	98.88535
99.743013	,	99.280576
98.924731	,	99.106288
99.583066	,	99.36
98.924731	,	98.571429
98.220641	,	97.826087
97.472924	,	97.526502
98.220641	,	98.571429
98.181818	,	98.540146
98.571429	,	98.924731
100	,	100.452928
89.37429059	,	89.51376125
89.37429059	,	88.81599398
89.06477533	,	89.00056812
89.06477533	,	89.32067163
89.37442372	,	89.32067163
89.79065309	,	89.90259054
90.63471491	,	90.42626943
90.95539547	,	90.90936639
91.17044619	,	91.39097057
91.27835334	,	91.00920103
90.95539547	,	90.60419407
90.63471491	,	90.78968871
90.42218116	,	90.71666163
90.42218116	,	90.22230777
90.31628764	,	90.1959959
90.63471491	,	90.49173207
91.17044619	,	91.15590242
91.49493576	,	91.66729051
91.17044619	,	91.34380438
90.63485182	,	90.60419407
90.31642359	,	90.4787684
90.10537824	,	90.11769371
89.47811887	,	89.10908734
89.16775278	,	89.29488296
89.27096863	,	89.32067163
89.27096863	,	89.32067163
89.47798543	,	89.32067163
89.68609865	,	89.61068637
90.21064185	,	90.53829544
91.06265566	,	90.90936639
91.27821448	,	91.34394344
91.82160287	,	91.52564091
92.70461066	,	92.61074315
92.70461066	,	92.92960582
92.70461066	,	92.61774803
92.92787867	,	92.81833595
93.03998859	,	92.93637111
93.03998859	,	92.92931796
93.26502189	,	92.92931796
93.26502189	,	93.39757011
93.60462032	,	93.92743479
93.49114639	,	94.07691729
93.49114639	,	93.92758183
93.83239657	,	93.87776177
94.0611366	,	94.49190913
94.0611366	,	94.07691729
94.0611366	,	94.19107916
94.29099458	,	94.52078748
94.40641964	,	94.19817727
94.29099458	,	94.52078748
94.06098915	,	93.87776177
93.49085504	,	93.62302377
93.49085504	,	93.42578334
93.15208009	,	93.27154612
93.15208009	,	92.46602259
93.26473194	,	92.84620027
92.92773475	,	92.92946189
92.92773475	,	92.92946189
93.49085504	,	93.22937222
93.71807728	,	93.66526221
94.06098915	,	93.87761488
94.40627109	,	94.19802938
94.06098915	,	94.28388248
94.40641964	,	94.16949568
94.40641964	,	95.03414894
94.0611366	,	94.67186731
94.6381196	,	94.52063858
94.6381196	,	94.52063858
94.0611366	,	94.40567693
94.40641964	,	94.09093261
94.06098915	,	94.19802938
93.83224983	,	93.55937278
93.49085504	,	93.55937278
93.26473194	,	93.24328104
92.70432419	,	92.5002351
92.92759082	,	92.47272055
92.59287837	,	92.6174621
92.70418096	,	92.54160902
92.9274469	,	92.78360081
92.70418096	,	92.92946189
92.92759082	,	92.92946189
93.49085504	,	93.87776177
94.17585143	,	93.87776177
94.29099458	,	94.49920148
94.98765952	,	94.73719114
94.7543966	,	94.84576498
94.7543966	,	94.84576498
94.40656818	,	94.40597401
93.83239657	,	93.8353315
93.83239657	,	93.87790865
94.17614707	,	94.02708607
94.06128406	,	93.87776177
94.63826888	,	94.52063858
95.10494831	,	94.86705963
94.9878099	,	95.40619186
95.33994251	,	95.50155827
95.33994251	,	95.50155827
95.57610088	,	96.03318907
96.30092112	,	96.68359167
96.8968775	,	97.18283168
97.14082181	,	97.36576912
96.89672101	,	97.06146417
95.69454302	,	95.83332668
94.98750914	,	95.17253194
94.75424696	,	94.52078748
94.40641964	,	94.52078748
93.83224983	,	93.87790865
93.26502189	,	93.1528032
92.91967559	,	92.78403125
92.92787867	,	92.44564966
92.92787867	,	93.00638489
93.83224983	,	93.75043946
94.9878099	,	94.7228331
95.57625312	,	95.33009635
95.93277031	,	96.19253899
96.17187838	,	96.58631758
97.14082181	,	97.2518255
97.75632932	,	97.82629962
97.38599752	,	97.47301216
97.14066454	,	97.47301216
97.14066454	,	96.84213924
96.77497399	,	96.77434964
96.53270609	,	96.77434964
96.89656453	,	96.76280051
96.77497399	,	96.56098067
96.77497399	,	96.50351675
96.53270609	,	96.18220757
96.53270609	,	96.39111659
97.26301866	,	97.2972447
97.14050727	,	97.47285381
97.14050727	,	97.26680284
96.89656453	,	96.91002389
96.53286139	,	96.77403746
96.12026568	,	96.62349207
95.93261693	,	96.50336153
96.29195721	,	96.50336153
96.53301671	,	96.84182663
96.8968775	,	96.84182663
96.77528617	,	96.84182663
96.77528617	,	97.1219528
97.14097908	,	97.47253711
97.50928776	,	97.87193783
98.0047859	,	97.82566163
97.80971446	,	97.82566163
97.75648859	,	97.18283168
97.14097908	,	97.18283168
96.77528617	,	96.84198294
96.17203253	,	96.50351675
96.53317202	,	96.50351675
96.29226629	,	96.08547764
95.9329237	,	95.80379383
95.57640537	,	95.50186229
94.98796028	,	95.07058991
94.98796028	,	94.77310529
94.98796028	,	95.17253194
94.98796028	,	94.84561505
94.75469588	,	94.84561505
94.63841815	,	94.52078748
94.29129094	,	94.1055425
94.63826888	,	94.40597401
94.63826888	,	94.84576498
95.57640537	,	95.5020143
96.29226629	,	96.32411137
96.77544226	,	97.08455094
97.38631365	,	97.21369352
98.00494598	,	97.87241678
98.6314881	,	98.540128
99.39402774	,	99.39172266
99.7798192	,	99.74282974
99.7798192	,	99.24080782
99.7798192	,	99.28038269
99.01120807	,	98.92452553
98.63132597	,	98.57137224
98.25434775	,	98.18183603
97.88024026	,	98.18954838
97.26317632	,	97.5265638
61.165741	,	60.589159
60.304926	,	60.023346
59.698142	,	59.605873
59.285165	,	58.877863
58.69863	,	58.56492
58.255287	,	58.211321
58.387585	,	58.045726
57.948911	,	57.905405
57.905405	,	58.036117
58.431818	,	58.476118
58.520486	,	58.832952
58.877863	,	59.275142
59.744384	,	59.976672
60.210773	,	60.589159
60.636792	,	60.828076
61.458167	,	61.654676
61.902087	,	62.402913
62.656377	,	62.707317
62.860636	,	63.11784
63.849338	,	64.221482
64.543933	,	64.543933
64.168053	,	63.796526
63.638614	,	63.638614
63.429276	,	62.911909
61.902087	,	61.117274
60.163807	,	59.698142
59.605873	,	59.790698
59.790698	,	59.651972
59.605873	,	60.163807
60.352113	,	60.636792
61.02057	,	62.051488
63.014706	,	62.911909
62.809446	,	63.221311
63.58615	,	62.911909
62.453441	,	62.656377
62.809446	,	61.802885
60.828076	,	60.589159
60.732283	,	60.210773
59.605873	,	59.744384
60.352113	,	60.070093
59.698142	,	60.116913
60.732283	,	60.6845
60.304926	,	60.6845
60.924171	,	60.6845
60.210773	,	60.352113
60.541601	,	60.070093
59.330769	,	59.194167
59.058193	,	58.476118
58.167421	,	58.255287
58.211321	,	57.818591
57.388393	,	57.47392
57.47392	,	56.964549
57.048817	,	57.688856
58.036117	,	57.945907
58.079819	,	61.102214
60.538117	,	60.262009
59.944978	,	59.74026
59.817945	,	59.267036
58.974359	,	58.626387
58.537965	,	58.350951
58.419567	,	58.620852
57.983193	,	57.988608
57.861635	,	58.064516
57.983193	,	58.571092
58.598726	,	58.598726
58.717852	,	58.576617
59.354839	,	59.734513
60	,	60.002899
60.526316	,	60.399747
60.659341	,	61.469933
61.613255	,	62.022472
62.349398	,	62.443439
62.645012	,	63.013699
63.448276	,	64.03052
64.455862	,	64.335664
64.626912	,	64.186047
63.829787	,	63.59447
63.532662	,	63.302752
62.870159	,	61.883408
60.954064	,	60.385064
59.619816	,	59.74026
59.878507	,	59.861191
59.74026	,	59.73164
60.002899	,	60.393873
60.792952	,	61.206387
62.19329	,	62.870159
63.071298	,	63.023291
63.302752	,	63.60424
62.937063	,	62.585034
62.585034	,	62.518876
61.714286	,	60.855505
60.473269	,	60.659341
60.262009	,	59.536935
59.806424	,	60.329334
60	,	59.671375
60.262009	,	60.810811
60.792952	,	60.393873
60.606061	,	61.1401
60.792952	,	60.267857
60.393873	,	60.659341
60.072551	,	59.210526
59.168035	,	59.100642
58.315335	,	57.891302
57.983193	,	58.159682
57.762069	,	57.380457
57.433526	,	57.56396
56.962192	,	57.014322
57.703029	,	58.197835
58.105263	,	58.227848
62.605519	,	62.402913
62.352466	,	62.251816
61.704	,	61.458167
61.360382	,	61.262907
60.972332	,	60.876085
60.972332	,	61.214286
61.214286	,	61.262907
61.735905	,	61.753403
61.704	,	61.704
61.654676	,	61.605431
61.507177	,	61.02057
60.6845	,	60.732283
60.463483	,	60.541601
60.924171	,	61.165741
61.507177	,	61.852446
62.3021	,	62.402913
62.809446	,	62.860636
63.066231	,	62.809446
62.453441	,	62.352466
62.3021	,	62.151491
61.951807	,	62.352466
62.201613	,	62.201613
62.3021	,	62.605519
62.605519	,	62.352466
62.504052	,	62.453441
62.201613	,	61.852446
62.201613	,	62.3021
62.251816	,	62.605519
62.860636	,	62.963265
63.11784	,	63.691164
64.168053	,	64.43609
64.328607	,	64.59799
64.706376	,	64.59799
64.869638	,	65.419847
65.364407	,	65.088608
64.924242	,	65.253807
65.754476	,	65.754476
65.866781	,	65.698467
65.698467	,	65.586735
65.198648	,	64.815126
65.253807	,	65.30906
65.143581	,	65.253807
65.698467	,	66.606218
67.303665	,	67.657895
68.256637	,	68.989267
68.866071	,	68.438332
67.776801	,	67.069565
66.434109	,	65.088608
64.008299	,	63.58615
63.691164	,	63.533773
63.58615	,	63.955224
64.924242	,	65.923077
66.262887	,	66.837088
67.127937	,	67.069565
66.262887	,	65.419847
64.652137	,	64.114713
63.014706	,	61.933948
61.704	,	61.704
62.562966	,	62.56927
62.302483	,	62.211982
61.607143	,	61.512555
61.197339	,	61.469933
61.085973	,	60.758006
60.948081	,	60.948081
61.197339	,	61.482105
61.744966	,	61.634658
61.883408	,	61.360605
61.472976	,	61.619647
61.333333	,	61.085973
60.792952	,	60.558779
60.393873	,	60.538117
60.792952	,	61.384414
61.674446	,	62.022472
62.38698	,	62.553513
62.676625	,	62.835172
63.157895	,	62.972164
62.550363	,	62.221796
62.211982	,	62.162162
62.078273	,	62.302483
62.49371	,	62.31186
62.302483	,	62.443439
62.5	,	62.585034
62.607118	,	62.302483
62.202634	,	61.883408
62.07517	,	62.434022
62.230684	,	62.585034
62.991327	,	62.870159
62.975357	,	63.59447
64.285714	,	64.485981
64.429112	,	64.485981
64.714464	,	64.680762
64.788732	,	65.402844
65.217391	,	65.248227
64.643731	,	65.248227
65.703857	,	65.558195
65.714286	,	65.693431
65.871122	,	65.558195
65.475249	,	65.002355
65.402844	,	65.502874
65.104576	,	65.375303
65.874467	,	66.775416
67.317073	,	67.724522
68.148148	,	68.877551
68.82793	,	68.181818
67.647059	,	67.182344
66.502615	,	65.113654
63.888889	,	63.672716
63.614014	,	63.493686
63.59447	,	64.060243
65.193428	,	65.871122
66.169419	,	66.513147
67.153285	,	66.838876
66.46763	,	65.255083
64.637002	,	64.186047
62.937063	,	62.162162
61.784897	,	61.883408
69.174888	,	69.674797
70.181984	,	70.631868
70.309936	,	70.631868
71.350601	,	72.016807
71.682156	,	71.284658
70.502742	,	70.502742
69.800905	,	69.86413
69.86413	,	69.86413
69.800905	,	69.990926
70.309936	,	69.86413
69.86413	,	69.86413
70.181984	,	69.86413
69.86413	,	68.866071
68.438332	,	68.743316
69.236984	,	70.181984
70.181984	,	69.800905
69.361511	,	69.674797
70.631868	,	71.682156
71.350601	,	70.502742
69.674797	,	69.549143
69.990926	,	71.022099
71.682156	,	72.151544
71.153137	,	70.309936
70.502742	,	70.956762
71.284658	,	70.956762
70.309936	,	68.866071
69.05103	,	69.05103
69.549143	,	69.86413
69.990926	,	69.549143
69.737794	,	70.826446
72.422535	,	73.808612
73.597328	,	73.457143
73.457143	,	73.247863
72.219101	,	72.558796
72.901701	,	72.016807
70.502742	,	69.86413
70.054496	,	70.181984
69.674797	,	69.549143
70.826446	,	71.022099
71.022099	,	71.022099
71.350601	,	71.882572
72.219101	,	72.764151
73.31749	,	73.667622
73.31749	,	73.457143
73.808612	,	73.667622
73.808612	,	73.808612
74.021113	,	73.478102
73.457143	,	73.808612
74.163462	,	74.59381
74.378014	,	74.738372
74.956268	,	75.10224
74.883495	,	75.300242
75.24878	,	75.10224
75.322266	,	75.10224
75.10224	,	75.10224
74.521739	,	74.378013
74.59381	,	74.163462
74.59381	,	75.10224
75.469667	,	75.840708
76.065089	,	75.691855
76.290801	,	76.290801
75.840708	,	75.915354
75.322266	,	74.956268
74.021113	,	73.667622
73.109005	,	73.457143
72.901701	,	72.901701
73.31749	,	69.417242
69.513628	,	70.12987
70.408163	,	70.3125
70.392201	,	71.469674
72.062663	,	71.875
71.154397	,	70.769231
70.416147	,	69.948187
70.050761	,	69.983659
69.873418	,	69.873418
70.117992	,	70.229008
70.12987	,	69.521411
69.665694	,	69.775281
69.69697	,	69.873418
69	,	68.388305
68.592257	,	69.315772
69.952126	,	70.229008
69.90488	,	69.346734
70.050761	,	70.720875
71.293267	,	71.428571
70.588235	,	69.90488
69.521411	,	70.149675
70.951157	,	72.062663
72.062663	,	71.052632
70.612315	,	70.584224
71.317829	,	71.285083
71.317829	,	70.30852
69.015337	,	68.82793
68.732706	,	69.296435
69.873418	,	69.521411
69.346734	,	69.767442
70.769231	,	72.390278
73.386906	,	73.6
73.709199	,	73.796791
73.209549	,	72.754965
72.440945	,	72.77628
71.895803	,	70.456093
70.408163	,	70.408163
70.368272	,	69.521411
69.693059	,	70.496084
71.134021	,	71.138095
71.297359	,	71.469674
71.69245	,	72.062663
72.386059	,	73.404255
73.408594	,	73.968197
73.840666	,	73.6
73.404255	,	73.634908
73.770492	,	73.82311
73.897781	,	73.508523
73.796791	,	73.796791
74.149254	,	74.594595
74.900495	,	75
75.418994	,	75.208914
75	,	75.300109
75.409836	,	75.607232
75.236249	,	74.796748
74.792244	,	74.594595
74.406902	,	74.563247
74.594595	,	74.796748
75.359505	,	75.418994
75.791786	,	76.126264
76.140265	,	76.407259
76.037515	,	75.988519
75.699397	,	75
74.585635	,	73.994638
73.796791	,	73.369565
73.209549	,	73.058824
73.205418	,	73.056995
67.717296	,	66.376936
64.489967	,	63.849338
62.911909	,	64.924242
66.953125	,	67.717296
67.421329	,	67.717296
67.896127	,	68.682102
70.309936	,	71.087558
70.761468	,	69.800905
68.196286	,	67.480315
67.598598	,	68.37766
69.486486	,	70.118182
69.486486	,	68.256637
67.303665	,	67.598598
68.56	,	69.927471
70.309936	,	69.486486
68.499112	,	67.598598
67.896127	,	68.682102
68.682102	,	67.896127
67.011295	,	66.262887
66.837088	,	67.598598
67.480315	,	66.548749
65.364407	,	64.652137
65.531011	,	65.97947
66.837088	,	66.721453
65.531011	,	65.088608
65.81058	,	67.127937
67.776801	,	67.776801
66.721453	,	66.262887
66.092545	,	67.127937
68.075905	,	68.866071
69.174888	,	68.866071
67.896127	,	67.776801
68.37766	,	68.989267
68.682102	,	67.480315
67.421329	,	67.303665
66.837088	,	66.548749
67.896127	,	68.682102
69.299191	,	68.989267
69.486486	,	70.761468
70.956762	,	70.761468
70.761468	,	71.087558
70.956762	,	72.084112
72.151543	,	72.832861
72.832861	,	72.832861
73.178368	,	73.527169
74.092219	,	74.666021
75.543585	,	74.883495
74.234841	,	73.527169
73.38725	,	73.527169
73.039773	,	73.178368
73.039773	,	72.832861
72.490602	,	72.286785
73.039773	,	73.73805
74.092219	,	73.38725
75.175439	,	74.666021
74.810863	,	75.175439
75.175439	,	76.290801
75.915354	,	75.766208
76.065089	,	77.284569
76.517857	,	77.673716
78.463886	,	78.304569
78.704082	,	78.145897
78.304569	,	78.865031
78.704082	,	78.066802
78.066802	,	67.5
66.18705	,	64.626912
63.908763	,	64.242487
64.788732	,	66.709636
67.79476	,	67.317073
67.643375	,	68.181818
69	,	70.240923
70.934948	,	70.951157
69.861627	,	68.486352
67.5	,	67.820674
68.32059	,	69.40874
69.873418	,	69.346734
68.316832	,	67.470665
67.5	,	68.656716
69.767442	,	70.221066
69.521411	,	68.588469
67.980296	,	68.482576
68.328107	,	68.35443
67.972855	,	66.990291
66.763425	,	67.317073
67.595515	,	67.317073
66.630901	,	65.097751
65.237945	,	65.689956
66.506024	,	66.713219
66.18705	,	65.152389
65.142138	,	66.028708
66.831683	,	67.647059
67.317073	,	66.828087
65.724718	,	66.300112
67.222342	,	68.253009
68.82793	,	68.82793
68.520357	,	67.980296
67.6618	,	68.148148
69.053708	,	68.486352
67.577126	,	67.481663
67.459671	,	66.990291
66.828087	,	67.680235
68.98467	,	69.273244
69.280973	,	69.521411
70.588235	,	70.951157
70.793434	,	70.862098
71.064828	,	71.837585
72.062663	,	72.142193
72.631579	,	73.209549
73.378235	,	73.218181
73.6	,	73.972603
74.670835	,	74.594595
74.796748	,	74.594595
73.862623	,	73.404255
72.972973	,	73.200919
72.823219	,	72.938689
73.015873	,	72.737921
72.631579	,	72.631579
73.144876	,	73.66548
74.26453	,	74.554295
75	,	75.20436
75	,	75.91687
75.796412	,	75.833435
76.243094	,	76.271186
76.454294	,	76.923077
77.310924	,	77.746479
78.118121	,	77.746479
78.216512	,	78.717201
78.632479	,	78.528073
78.409091	,	77.966102
88.148571	,	85.7
82.846402	,	80.933893
78.145897	,	76.517857
75.691855	,	75.175439
74.449807	,	74.306358
74.449807	,	74.666021
75.691855	,	76.065089
76.746269	,	77.207207
77.595573	,	77.207207
77.439759	,	76.140178
75.984907	,	76.517857
75.691855	,	75.766208
76.593843	,	76.593843
76.976048	,	78.145897
79.351852	,	81.619048
82.059302	,	81.878981
80.679916	,	80.764398
80.511482	,	80.933893
79.844721	,	78.543788
78.463886	,	77.362086
78.066802	,	77.595573
79.270298	,	79.597523
80.511482	,	80.764398
81.878981	,	81.189474
79.597523	,	79.844721
78.945752	,	79.4571
78.784474	,	77.830474
76.215415	,	75.617647
75.24878	,	76.976048
77.987867	,	77.830474
78.384146	,	78.5208
79.188912	,	79.433574
79.597523	,	78.784474
77.909091	,	77.052947
76.215415	,	76.593843
76.593843	,	76.215415
76.66998	,	78.145897
80.010373	,	80.849057
81.619048	,	83.114224
84.387309	,	85.13245
84.111232	,	84.387309
84.526166	,	83.024758
83.203883	,	82.935484
82.491979	,	81.360759
81.018908	,	80.34375
80.764398	,	80.511482
80.05177	,	81.275026
79.679752	,	80.093458
80.849057	,	80.260146
80.933893	,	81.018908
82.140575	,	82.66881
81.965994	,	81.360759
81.965994	,	82.66881
83.474026	,	84.758242
84.572368	,	85.415282
86.275168	,	88.249428
90.634548	,	90.42204
89.581882	,	89.064665
87.74744	,	86.565657
84.851485	,	82.757511
79.679752	,	79.270298
78.463886	,	78.384146
78.623853	,	78.225152
79.026639	,	80.260146
81.965994	,	84.758242
86.760405	,	84.944934
84.758242	,	86.46861
87.548241	,	89.270833
89.064665	,	88.859447
88.757192	,	89.064665
91.170213	,	93.152174
94.638037	,	93.152174
92.482014	,	92.593037
93.604369	,	93.946407
93.224344	,	90.634548
89.270833	,	89.064665
87.904046	,	85.554867
82.93823	,	80.597015
78.409091	,	76.695072
75.842697	,	74.796748
74.393531	,	73.994638
74.393531	,	74.380165
75.20436	,	76.056338
76.676133	,	77.52809
77.683262	,	77.746479
77.310924	,	76.880223
76.2993	,	76.172953
76.39316	,	76.070313
76.444882	,	76.243094
76.880223	,	78.186969
79.635804	,	81.176471
82.066869	,	81.931526
81.245503	,	81.415929
81.415929	,	81.415929
80.232558	,	78.51318
78.093561	,	77.523251
77.586207	,	78.034682
78.409091	,	79.083095
79.768786	,	80.466472
81.176471	,	81.304006
80.294802	,	79.77391
79.411765	,	79.209184
79.083095	,	77.746479
76.454294	,	75.972596
75.824176	,	76.666667
77.363897	,	77.966102
78.26087	,	78.857143
79.083095	,	79.707355
79.538905	,	78.473495
77.359078	,	76.880223
76.557973	,	76.666667
76.666667	,	76.666667
77.474892	,	78.26087
79.768786	,	81.096964
82.333444	,	83.636364
84.818685	,	85.714286
84.40367	,	84.146341
83.698362	,	83.850932
83.177069	,	82.965932
82.050604	,	81.176471
80.796253	,	79.768786
80.701754	,	80.232558
80.232558	,	79.646018
80.118694	,	80
81.028184	,	80.701754
80.701754	,	81.415929
81.89911	,	82.524917
81.89911	,	81.807404
81.570997	,	82.634731
83.383686	,	83.969982
84.497134	,	85.443288
86.62296	,	88.52459
89.93483	,	90.789474
89.804772	,	88.720623
87.384789	,	86.707624
84.828669	,	82.393293
80.597015	,	79.178886
78.384348	,	77.966102
78.409091	,	78.488372
79.503265	,	80.938416
82.634731	,	84.40367
85.443038	,	84.90566
85.714286	,	86.743959
87.662338	,	88.955737
88.745981	,	88.178914
88.613014	,	89.61039
91.115839	,	93.103448
93.57342	,	92.672735
93.194267	,	93.243243
93.70049	,	93.877551
92.762716	,	90.491803
89.61039	,	89.403974
88.3505396	,	87.72314575
87.34997642	,	86.40017971
85.32083478	,	84.92328597
83.20402042	,	83.6365157
82.66888219	,	83.07706367
82.31604422	,	82.26807601
81.79223137	,	81.70312896
81.44682133	,	81.63109818
81.3608966	,	81.65676125
81.18958987	,	81.33056809
81.3608966	,	81.57094769
81.3608966	,	82.19178082
82.05330182	,	81.89907577
82.31593129	,	81.57094769
81.01900301	,	80.39867021
80.0104547	,	80.11344063
79.02681116	,	79.26662518
78.6239756	,	78.21044083
77.8306017	,	77.52799407
77.20735838	,	77.14273592
77.20735838	,	76.70437113
77.10248848	,	76.62394882
77.8306017	,	77.90730589
79.02681116	,	79.41171799
81.01911241	,	81.17640851
82.31604422	,	82.63472559
83.29388442	,	83.38371099
83.02498775	,	83.89062341
84.20319916	,	84.28339449
84.66528286	,	84.18063481
83.29376879	,	83.85099678
82.25961683	,	82.15914226
79.67979347	,	79.60008915
77.43973898	,	77.72695299
75.84069409	,	76.24304759
75.13449074	,	74.74269826
74.16343644	,	73.59994505
73.80854555	,	73.20947916
73.24782057	,	73.17073171
72.90170663	,	73.20947916
73.45712491	,	73.61303834
74.02107133	,	74.38013455
74.81082213	,	74.99990625
75.91534932	,	76.03300339
76.44198245	,	76.39312411
76.48437042	,	76.72339936
76.82261658	,	77.09486009
77.43963903	,	77.60550792
77.05288139	,	77.23866619
77.05288139	,	76.82310839
76.44198245	,	76.66663685
76.72418423	,	76.66663685
76.14019949	,	76.45425551
76.14019949	,	75.82411333
75.76618555	,	75.63018855
75.76618555	,	76.03762849
76.44207984	,	76.88020143
76.7463635	,	76.92307692
77.36215675	,	77.31092004
77.67372376	,	77.58614001
77.90912679	,	77.52799407
77.77471	,	77.96602241
78.30454989	,	78.40902854
77.90912679	,	78.16235102
77.98791187	,	78.26083554
78.30465208	,	78.40411047
78.62387257	,	78.10333853
78.94581028	,	78.73209829
79.27029055	,	79.0830583
78.94581028	,	79.31031748
79.10776983	,	79.0830583
78.94581028	,	78.82705344
80.42766068	,	80.1703888
81.79223137	,	81.20827079
81.70557668	,	81.35725598
81.96609336	,	81.79122789
82.49214262	,	82.70067318
83.11435011	,	82.84958382
83.65529001	,	83.6024869
84.29523563	,	84.62790521
85.70008399	,	85.94560216
87.08942778	,	86.96257131
87.05417381	,	87.37859836
87.74739281	,	88.13510524
89.37429059	,	89.51990475
89.68596459	,	89.12166147
88.04780409	,	88.17266559
87.25102556	,	88.17901516
87.54816973	,	88.17901516
88.04780409	,	87.89817875
87.84721612	,	87.74906109
86.14426868	,	86.35205734
85.03859335	,	84.92316577
84.11124553	,	84.40373683
84.75821307	,	84.63960456
85.03859335	,	85.44902752
85.98661762	,	86.25014555
86.27507369	,	85.71440816
85.50979515	,	85.14442623
86.27507369	,	86.03507363
86.76036786	,	86.6655015
88.85940073	,	88.43023076
89.06464312	,	88.50588785
88.24943998	,	88.4617823
87.15255183	,	87.17648443
86.76036786	,	87.06655367
87.05417381	,	86.7927476
86.85820832	,	86.68979358
85.51016074	,	86.02323201
84.38747352	,	84.35223808
83.20402042	,	83.38382687
82.75759335	,	83.07706367
82.31593129	,	82.59638999
82.31593129	,	82.14294515
81.36078627	,	81.65687238
81.10420674	,	80.9384544
80.51162454	,	80.92262583
80.51162454	,	80.59695478
81.53292775	,	81.17640851
81.44682133	,	81.34655667
81.44682133	,	81.41587637
81.44682133	,	81.25611114
81.87918181	,	82.03972637
82.58047467	,	81.94045933
82.8466095	,	82.85107106
82.6689961	,	82.72826797
82.84649511	,	82.65123109
83.47407991	,	84.10087058
84.38735484	,	84.40385557
85.41533205	,	85.71453061
86.37182206	,	86.25622123
85.89097572	,	86.25014555
86.37182206	,	86.26217375
87.05430012	,	87.2949478
87.74752113	,	87.37732588
88.14870098	,	88.07287737
86.85833406	,	87.00544654
85.60507809	,	84.92316577
84.66540233	,	84.6626546
84.11136345	,	83.85099678
83.92829167	,	83.88499367
83.38382687	,	83.38382687
82.49202921	,	82.48114275
81.70557668	,	81.89918756
82.14069606	,	82.38815808
82.49202921	,	82.38815808
83.38382687	,	83.07706367
83.47407991	,	83.8907407
83.56441215	,	83.6365157
83.7458982	,	84.11230675
84.66516339	,	84.66277406
85.89085277	,	85.71453061
68.927614	,	68.56
68.075905	,	67.776801
67.244987	,	67.011295
67.244987	,	67.480315
67.955947	,	67.955947
67.657895	,	67.836412
67.776801	,	67.896127
68.256637	,	68.015873
67.539405	,	67.303665
67.011295	,	67.069565
67.362445	,	67.836412
68.317095	,	68.682102
69.174888	,	69.611913
70.118182	,	70.696609
70.502742	,	70.567246
70.696609	,	70.502742
70.567246	,	70.374088
70.181984	,	70.245902
70.245902	,	70.309936
70.631868	,	70.631868
70.956762	,	70.956762
71.087558	,	70.97573
70.761468	,	70.181984
69.674797	,	69.361511
69.112903	,	69.236984
68.989267	,	69.174888
69.236984	,	69.343395
69.549143	,	69.737794
69.86413	,	69.737794
69.737794	,	69.486486
69.486486	,	69.611913
70.181984	,	71.153137
72.490602	,	73.247863
73.808612	,	74.59381
75.175439	,	76.899302
78.543788	,	79.41603
79.679752	,	79.679752
79.433574	,	79.762151
80.176715	,	80.176715
80.427529	,	80.427529
80.34375	,	80.445522
80.595611	,	80.511482
80.34375	,	81.018908
81.104101	,	81.275026
81.189474	,	80.849057
81.018908	,	80.679916
80.260146	,	79.844721
79.351852	,	79.351852
80.093458	,	79.844721
79.762151	,	79.351852
79.107692	,	80.010373
80.547132	,	80.933893
80.933893	,	81.189474
80.595611	,	80.849057
81.360759	,	81.792153
81.792153	,	81.965994
82.631259	,	82.935484
83.203883	,	82.5803
83.203883	,	84.203057
84.387309	,	84.479737
84.295082	,	84.019608
83.474026	,	83.474026
83.383784	,	83.383784
83.293736	,	82.846402
82.757511	,	82.846402
83.293736	,	83.383784
83.745928	,	84.111232
84.479737	,	84.665203
84.665203	,	84.572368
69	,	68.501462
68.010076	,	67.647059
67.430371	,	67.069955
67.164179	,	67.481663
67.831786	,	67.839196
67.647059	,	67.813268
67.943107	,	68.062253
67.980296	,	67.931959
67.529361	,	67.317073
67.153285	,	67.291543
67.204156	,	67.980296
68.077176	,	68.573322
69.33512	,	69.587629
70.050761	,	70.588235
70.588235	,	70.588235
71.052632	,	70.588235
70.664543	,	70.4481
70.062616	,	70.213127
70.229008	,	70.576202
70.424132	,	70.769231
70.680628	,	70.951157
71.134021	,	71.093303
71.1218	,	70.229008
69.873418	,	69.230769
69.331249	,	69.172932
69.280973	,	69.32351
69.172932	,	69.346734
69.358351	,	69.767442
69.69697	,	69.767442
69.346734	,	69.346734
69.172932	,	69.544767
70.12591	,	70.951157
72.440945	,	73.326249
74.078492	,	74.460432
75.409836	,	76.880223
78.857143	,	79.467656
79.902213	,	79.768786
79.411765	,	79.538905
80.134202	,	80.701754
80.466472	,	80.869905
80.466472	,	80.539524
80.5761	,	80.938416
80.833062	,	81.176471
80.938416	,	81.123449
81.176471	,	80.534302
80.833062	,	80.466472
80.357143	,	79.584775
78.857143	,	79.310345
80	,	80.051563
80.701754	,	79.943357
79.178886	,	79.830312
80.466472	,	81.367925
81.415929	,	81.415929
80.938416	,	81.149951
80.970076	,	81.715902
82.066869	,	82.568807
82.882883	,	82.882883
83.383686	,	82.882883
83.232811	,	83.664534
84.369268	,	84.220519
84.231943	,	84.11215
83.67017	,	83.13253
83.13253	,	83.383686
83.535109	,	83.13253
82.827609	,	82.568807
83.21608	,	83.16593
83.602585	,	84.40367
84.923077	,	84.923077
84.662577	,	84.77237
68.37770477	,	68.61879515
68.19638741	,	68.54432419
67.59870256	,	67.66930013
66.89515077	,	66.99037907
66.54880135	,	66.66674074
66.31988734	,	66.18710433
66.31988734	,	66.5060914
66.09254278	,	65.87470631
65.58674448	,	65.85373885
65.19868212	,	65.58251483
65.25384835	,	65.24831333
65.64256964	,	65.62756358
66.54872753	,	66.40650075
67.06960595	,	67.31709944
67.2450488	,	67.2005376
67.77685149	,	67.96541014
68.13605862	,	67.84659433
68.68210488	,	68.64148211
68.92756747	,	68.64148211
69.17479086	,	68.61487159
68.92748828	,	68.7858833
68.98914801	,	68.91181355
68.8044989	,	68.64140358
68.74316865	,	68.17050807
69.42379408	,	69.15740918
69.42379408	,	69.08820837
69.92738042	,	69.99933501
70.63177771	,	70.58815225
71.08752059	,	70.9510875
71.28464434	,	71.31777417
71.74887892	,	71.53135517
71.35059542	,	71.42848639
71.08760481	,	71.31777417
71.02213878	,	71.05258483
70.69669234	,	70.76923803
70.50288533	,	70.49609275
70.31005563	,	70.22899334
69.61202896	,	69.6969345
69.29926889	,	69.42427605
69.11295822	,	69.1729566
69.05107708	,	69.13445961
69.29926889	,	69.0652252
69.4865063	,	69.00001725
69.54917068	,	69.73606063
69.42395474	,	69.52136855
69.42395474	,	69.40869575
68.92764665	,	69.17287685
68.62107101	,	68.65671983
68.62107101	,	68.527884
68.25674547	,	68.65671983
67.65800682	,	67.68395653
67.01140311	,	66.82816807
66.54887516	,	66.82816807
66.31996065	,	66.36757015
66.66385197	,	66.50616512
67.18646596	,	67.16427935
68.25666782	,	67.98042617
69.73784382	,	69.86956517
70.82654579	,	70.68070228
70.50280249	,	70.58831834
70.30997324	,	70.22907554
71.68218984	,	71.87505241
72.62717927	,	72.61882861
73.59741722	,	73.36514935
74.77455472	,	75.13599615
75.91544538	,	76.35550103
75.91544538	,	77.08049902
74.88355607	,	74.99090735
74.09227699	,	74.66633482
75.91544538	,	75.60255234
77.98791187	,	78.61748531
78.14596103	,	78.61748531
78.46398895	,	78.54297544
78.46398895	,	79.08316254
78.18577723	,	78.24613888
78.14596103	,	78.18210959
78.14596103	,	76.88029994
79.18899906	,	79.538992
80.42755287	,	80.00522701
80.67997079	,	80.23267476
79.76220229	,	79.08316254
79.51548564	,	79.08316254
80.34376419	,	80.09290777
81.61899437	,	80.92262583
81.70546541	,	81.71592548
80.93386894	,	80.46649107
80.5115165	,	80.61276449
80.17670947	,	79.53888656
80.09344235	,	80.0825384
80.42744506	,	80.46649107
80.84902254	,	81.11286856
80.76435384	,	80.7017827
79.9274259	,	80
79.049717	,	79.09817534
79.35185406	,	78.80210297
79.51548564	,	79.97941863
79.76209625	,	79.64605294
78.94570641	,	79.08316254
78.14585925	,	78.06909115
77.90912679	,	77.52809424
77.90912679	,	77.36874071
78.22522607	,	78.18699985
77.90912679	,	77.96612372
77.41765664	,	77.66387077
76.82271494	,	77.09495915
76.89931701	,	76.89921845
77.05298035	,	76.9229783
77.51757711	,	77.52799407
77.83050074	,	78.08361975
77.83050074	,	78.18689796
78.14596103	,	78.63242487
78.22522607	,	78.31998413
79.02670708	,	79.31031748
79.76220229	,	79.62554759
80.26025726	,	80.0825384
80.76446256	,	80.7017827
81.27515297	,	81.58714187
81.70568794	,	81.89918756
81.96620533	,	82.38815808
81.96620533	,	82.08327348
82.31604422	,	82.40456521
82.49214262	,	82.73397167
82.22827666	,	82.03445447
81.70568794	,	81.65687238
81.3425865	,	80.85414317
80.76467999	,	80.46649107
80.84924042	,	80.58136771
80.68007928	,	80
78.623853	,	80.595611
82.140575	,	82.5803
82.757511	,	83.564464
84.203057	,	83.745928
82.5803	,	81.705508
81.53277	,	80.849057
79.927461	,	78.704082
78.704082	,	78.304569
78.066802	,	77.13
76.822709	,	75.840708
75.543585	,	75.322266
74.738372	,	74.521739
74.59381	,	74.666021
74.234841	,	74.306358
73.808612	,	74.306358
73.597328	,	73.247863
72.764151	,	73.31749
73.667622	,	73.527169
73.247863	,	73.31749
74.378013	,	74.883495
74.810863	,	74.378013
74.666021	,	75.029183
75.395894	,	76.140178
76.593843	,	76.065089
75.617647	,	75.617647
76.366337	,	77.13
77.439759	,	77.207207
75.840708	,	73.457143
72.084112	,	71.748837
72.084112	,	71.682156
71.815642	,	71.218837
70.502742	,	70.567246
70.696609	,	71.748837
72.151544	,	73.247863
73.73805	,	73.87931
72.832861	,	71.949627
73.38725	,	73.31749
72.558796	,	71.815642
71.482854	,	71.284658
70.118182	,	68.866071
68.866071	,	69.674797
69.112903	,	67.776801
67.480315	,	67.598598
68.256637	,	68.015873
67.598598	,	68.015873
68.56	,	69.299191
69.800905	,	70.761468
72.016807	,	72.970672
73.247863	,	73.109005
72.970672	,	72.970672
72.354597	,	72.354597
71.748837	,	71.416667
71.247224	,	71.482854
71.549165	,	71.284658
71.748837	,	72.764151
73.527169	,	73.247863
73.039773	,	72.016807
72.461215	,	72.286785
71.949627	,	71.949627
71.482854	,	71.482854
71.284658	,	71.350601
70.761468	,	71.815642
72.084112	,	72.354597
72.422535	,	72.084112
72.627119	,	72.219101
72.084112	,	71.416667
71.615599	,	72.219101
72.084112	,	79.083095
80.938416	,	82.355281
82.409926	,	82.744837
84.146341	,	84.11215
83.850932	,	82.882883
81.791241	,	81.415929
80.466472	,	79.569479
79.062958	,	78.557875
78.409091	,	77.995479
77.363897	,	76.454294
76.336816	,	75.824176
75.409836	,	74.859864
74.393531	,	74.585635
74.393531	,	74.193548
74.175824	,	73.796791
73.994638	,	73.6
73.209549	,	72.955827
73.456352	,	73.871409
73.739833	,	73.209549
73.352232	,	74.455968
74.796748	,	74.796748
74.393531	,	74.796748
75	,	75.616438
76.056338	,	76.463707
76.243094	,	75.630252
75.616438	,	76.243094
77.310924	,	77.094972
77.142857	,	75.409836
73.634908	,	72.192513
71.502591	,	71.991653
72.062663	,	71.875
71.264632	,	70.769231
70.3125	,	70.793434
71.502591	,	72.192513
73.404255	,	73.994638
73.6	,	72.631579
72.386059	,	73.209549
73.369565	,	72.415603
71.875	,	71.796058
71.317829	,	70.050761
68.9043	,	69
69.230769	,	68.82793
67.839196	,	67.481663
67.813268	,	68.148148
67.980296	,	67.562422
67.90596	,	68.63016
69.230769	,	69.873418
70.78133	,	72.062663
72.793342	,	73.222497
73.015873	,	72.972973
73.015873	,	72.661323
72.424048	,	72.251309
71.688312	,	71.358805
71.531417	,	71.428571
71.502591	,	72
72.853121	,	73.209549
73.209549	,	72.631579
72.440945	,	72.77628
72.474762	,	72
71.875	,	71.700727
71.659358	,	71.688312
71.317829	,	70.817653
71.502591	,	71.808511
72.2177	,	72.567923
72.280743	,	72.251309
72.150575	,	71.688312
71.688312	,	71.638692
72.062663	,	72.192513
78.543788	,	77.595573
76.290801	,	74.956268
74.021113	,	74.738372
75.029183	,	73.950144
74.163462	,	74.306358
75.175439	,	74.883495
74.378013	,	74.234841
74.666021	,	73.950144
73.039773	,	72.764151
72.729707	,	72.69557
72.354597	,	72.627119
73.457143	,	73.73805
73.73805	,	73.247863
73.667622	,	74.449807
74.127966	,	74.021113
73.808612	,	73.667622
73.808612	,	74.092219
73.87931	,	74.092219
74.738372	,	74.956268
75.10224	,	74.738372
75.10224	,	75.840708
76.442022	,	76.517857
76.215415	,	76.442022
75.990148	,	75.185661
74.521739	,	74.306358
74.449807	,	74.092219
73.039773	,	72.764151
73.808612	,	74.021113
73.527169	,	73.940254
74.021113	,	73.73805
73.178368	,	72.764151
72.558796	,	72.286785
72.084112	,	72.151544
72.970672	,	72.970672
72.69557	,	72.151544
71.815642	,	72.016807
72.286785	,	71.482854
69.927471	,	69.715133
69.611913	,	69.800905
70.181984	,	70.567246
71.615599	,	72.354597
72.764151	,	73.039773
73.109005	,	72.788837
72.970672	,	72.422535
71.549165	,	72.286785
71.949627	,	71.949627
71.218837	,	70.956762
71.682156	,	72.219101
72.016807	,	71.284658
71.284658	,	71.416667
71.615599	,	70.761468
70.374088	,	70.705779
71.218837	,	71.615599
71.153137	,	71.218837
72.084112	,	71.949627
72.084112	,	72.286785
72.69557	,	73.517252
73.950144	,	74.378013
74.956268	,	75.543585
75.469667	,	75.766208
75.990148	,	75.029183
74.092219	,	73.667622
73.457143	,	72.69557
72.286785	,	72.151544
73.039773	,	72.970672
73.039773	,	73.73805
74.516771	,	75.24878
75.469667	,	77.807644
77.746479	,	76.808905
74.724746	,	73.959388
74.608037	,	74.941169
74.193548	,	73.796791
74.193548	,	75.766088
74.451505	,	73.994638
74.585635	,	74.832801
73.981415	,	73.209549
72.823219	,	72.912998
72.440945	,	72.226099
72.77628	,	73.6
73.770492	,	73.666875
73.404255	,	73.788023
74.224586	,	74.300072
74.514039	,	73.626178
73.770492	,	74.02551
74.100591	,	73.729681
73.994638	,	74.792244
75	,	74.796748
74.380165	,	75.20436
76.051681	,	76.210345
76.454294	,	76.383764
76.454294	,	75.838066
75.208914	,	74.393531
74.688797	,	74.738236
73.796791	,	73.209549
73.015873	,	73.862623
74.140401	,	73.6
73.959388	,	74.034335
73.404255	,	73.071719
73.015873	,	72.597615
72.062663	,	72.062663
72	,	72.823219
72.985838	,	72.78481
72.062663	,	71.875
71.875	,	72.192513
71.317829	,	69.873418
69.948187	,	69.881281
69.724359	,	70.229008
71.134021	,	71.646957
72.449396	,	72.725143
73.282983	,	73.209549
72.77628	,	72.623085
72.631579	,	71.688312
71.875	,	72
71.866682	,	71.502591
71.052632	,	71.700727
72.331256	,	72.251309
71.23602	,	71.317829
71.502591	,	71.60565
70.99577	,	70.229008
70.496084	,	71.305546
71.502591	,	71.317829
71.399828	,	71.929113
72.251309	,	72.251309
72.386059	,	72.840303
73.713574	,	73.902178
74.193548	,	74.796748
75.409836	,	75.764046
75.529068	,	75.616438
75.208914	,	73.977009
73.6	,	73.495473
73.015873	,	72.394498
72.251309	,	72.823219
73.170732	,	73.015873
73.369565	,	74.393531
75	,	75.409836
63.638614	,	63.691164
63.325123	,	63.58615
63.638614	,	63.955224
64.008299	,	63.955224
64.114713	,	64.760705
65.253807	,	65.419847
65.531011	,	65.198648
65.475382	,	66.663786
66.663786	,	66.035959
65.088608	,	64.59799
64.924242	,	65.198648
64.924242	,	64.382304
64.43609	,	63.273175
63.11784	,	63.58615
63.955224	,	64.43609
63.849338	,	63.273175
63.066231	,	63.796526
62.809446	,	62.860636
62.809446	,	63.169533
64.008299	,	63.273175
63.58615	,	64.59799
65.698467	,	65.253807
65.253807	,	65.642553
65.81058	,	65.475382
64.869638	,	65.586735
66.149228	,	66.149228
65.419847	,	65.754476
66.376936	,	66.206009
66.262887	,	66.319862
66.895056	,	66.262887
65.698467	,	66.262887
67.480315	,	67.480315
67.303665	,	67.776801
68.499112	,	69.05103
67.836412	,	68.075905
68.438332	,	68.499112
66.953125	,	66.548749
67.127937	,	67.421329
66.953125	,	65.475382
66.837088	,	67.539405
67.362445	,	66.035959
66.721453	,	67.717296
67.836412	,	67.186411
66.895056	,	68.256637
67.955947	,	67.362445
66.895056	,	67.186411
67.776801	,	67.776801
66.721453	,	66.491379
66.837088	,	67.244987
66.837088	,	66.092545
66.721453	,	67.598598
67.896127	,	66.953125
66.663786	,	67.186411
67.244987	,	66.606218
65.923077	,	66.376936
66.606218	,	65.698467
64.652137	,	64.489967
65.419847	,	65.97947
65.531011	,	64.811368
65.754476	,	66.491379
63.888889	,	63.829787
63.59447	,	63.535912
63.768844	,	64.004123
64.186047	,	64.176097
63.981043	,	64.637002
65.135305	,	65.01937
65.248227	,	65.309986
65.598346	,	66.381614
66.346154	,	65.853659
65.244799	,	64.485981
65.053426	,	65.402844
65.107989	,	64.485981
64.285714	,	63.448276
63.055288	,	63.474217
64.186047	,	64.788732
63.836349	,	63.302752
62.937063	,	63.157895
62.981744	,	62.727273
62.972164	,	63.435313
63.451517	,	63.013699
63.529412	,	64.485981
65.783898	,	65.871122
65.327162	,	65.714286
65.815272	,	65.261941
65.217391	,	65.558195
66.155321	,	66.18705
65.558195	,	65.613609
66.424216	,	66.109544
66.243533	,	66.666667
66.695307	,	66.18705
65.871122	,	66.21528
67.317073	,	67.5
66.990291	,	68.062253
69	,	68.652921
67.980296	,	68.316832
68.5317	,	68.456154
67.153285	,	66.666667
67.317073	,	67.317073
66.484664	,	66.349698
66.990291	,	67.481663
67.164179	,	66.346154
66.506024	,	67.735602
67.943107	,	66.961397
66.688144	,	67.317073
67.647059	,	67.317073
66.774194	,	67.225981
67.813268	,	67.772564
66.864065	,	66.666667
66.990291	,	67.317073
66.828087	,	66.346154
66.990291	,	67.669173
67.980296	,	66.997519
66.506024	,	67.182344
67.647059	,	66.666667
66.046264	,	66.18705
66.56662	,	65.780414
64.788732	,	64.516129
65.81876	,	65.871122
65.382186	,	65.248227
66.011161	,	66.20822
65.088608	,	65.198648
64.978939	,	64.760705
63.849338	,	62.809446
63.481481	,	63.849338
63.11784	,	62.75834
62.656377	,	63.221311
62.707317	,	61.753403
61.605431	,	62.453441
62.051488	,	61.654676
62.504052	,	63.58615
65.033727	,	65.198648
65.198648	,	65.364407
66.606218	,	67.127937
67.539405	,	67.657895
67.244987	,	67.717296
68.015873	,	68.620996
69.800905	,	70.245902
69.800905	,	68.743316
68.56	,	69.112903
69.927471	,	69.471916
67.836412	,	66.721453
66.491379	,	66.721453
66.434109	,	66.779221
66.779221	,	66.319862
65.198648	,	64.502522
65.253807	,	65.698467
65.253807	,	65.143581
64.924242	,	65.033727
64.924242	,	64.275
64.869638	,	64.978939
64.242129	,	63.638614
64.008299	,	64.061462
64.168053	,	63.743802
63.691164	,	64.543933
63.902237	,	63.773633
64.254332	,	64.815126
63.796526	,	63.273175
63.429276	,	63.955224
63.849338	,	63.273175
63.58615	,	64.031361
64.489967	,	63.955224
63.902237	,	64.924242
65.033727	,	64.543933
62.963265	,	64.43609
64.706376	,	64.489967
63.11784	,	63.221311
64.652137	,	64.59799
64.221482	,	65.033727
66.895056	,	66.779221
66.606218	,	66.206009
67.836412	,	68.499112
67.421329	,	66.895056
67.186411	,	67.069565
67.717296	,	66.663786
66.953125	,	67.955947
68.136042	,	68.317095
68.37766	,	69.112903
69.423942	,	69.299191
68.499112	,	68.075905
68.196286	,	68.015873
65.09434	,	65.371862
65.111402	,	64.788732
63.59447	,	63.084112
63.331804	,	63.760973
63.302752	,	62.790698
63.013699	,	63.087317
62.56927	,	61.40004
61.607143	,	61.1672
62.022472	,	62.022472
62.56927	,	63.679245
64.788732	,	64.903846
65.09434	,	65.327162
66.346154	,	68.599834
67.813268	,	67.463335
67.171444	,	67.477996
67.533032	,	68.858864
70.736986	,	70.229008
70.209158	,	68.543046
68.82793	,	69.053708
70.050761	,	69.521411
68.095839	,	66.755867
65.853659	,	66.828087
66.339066	,	66.666667
66.346154	,	66.314272
65.248227	,	64.82593
65.402844	,	65.783898
65.447647	,	67.317073
65.27223	,	65.361541
64.788732	,	64.462553
64.788732	,	64.748201
64.186047	,	63.529412
63.741339	,	62.162162
64.186047	,	63.529412
63.797	,	64.060243
63.741339	,	63.744611
64.485981	,	64.903846
63.888889	,	63.11617
63.013699	,	64.142953
63.833068	,	63.59447
63.7577	,	64.335664
64.485981	,	63.829787
64.037123	,	64.903846
65.248227	,	64.485981
64.335664	,	64.445828
64.748201	,	63.888889
63.013699	,	63.689042
64.637002	,	64.717836
64.37568	,	64.788732
65.958577	,	66.548786
66.502463	,	66.506024
67.647059	,	67.980296
67.317073	,	66.20822
66.94696	,	67.562422
67.225981	,	66.990291
66.856866	,	68.148148
68.178075	,	68.316832
68.558181	,	69.673511
69.172932	,	69.261655
68.656716	,	68.14067
68.155628	,	68.148148
75.915354	,	76.215415
76.517857	,	76.517857
76.442022	,	76.065089
75.840708	,	75.543585
74.521739	,	74.378013
73.38725	,	72.219101
71.153137	,	70.567246
69.486486	,	69.05103
68.620996	,	69.174888
69.423942	,	68.927614
69.361511	,	70.374088
71.416667	,	71.615599
72.286785	,	72.151544
72.219101	,	71.615599
71.748837	,	72.218256
72.016807	,	71.350601
71.218837	,	71.482854
71.284658	,	71.218837
71.882572	,	72.016807
72.219101	,	71.749672
71.416667	,	71.815642
71.949627	,	71.748837
71.549165	,	72.084112
72.69557	,	72.901701
72.832861	,	72.69557
72.901701	,	72.151544
71.153137	,	70.309936
70.374088	,	69.990926
69.05103	,	68.989267
68.989267	,	69.486486
69.549143	,	69.361511
69.927471	,	69.86413
70.567246	,	72.151544
72.832861	,	72.764151
71.815642	,	72.084112
73.31749	,	73.597328
73.109005	,	73.87931
74.234841	,	73.950144
73.667622	,	73.597328
74.021113	,	73.597328
73.109005	,	73.247863
73.667622	,	73.87931
73.667622	,	73.527169
73.178368	,	72.764151
73.38725	,	73.950144
72.970672	,	72.219101
71.748837	,	71.815642
72.151544	,	70.891544
70.438356	,	70.696609
70.696609	,	70.696609
70.438356	,	70.631868
71.087558	,	71.815642
70.631868	,	70.567246
71.022099	,	71.218837
72.151543	,	71.350601
71.416667	,	71.284658
71.284658	,	71.153137
70.891544	,	70.956762
71.022099	,	71.022099
70.891544	,	70.438356
70.181984	,	70.826446
71.615599	,	70.826446
70.826446	,	71.022099
71.682156	,	72.764151
71.882572	,	73.109005
73.73805	,	74.59381
75.10224	,	76.093616
76.37437	,	76.397859
76.454294	,	76.243094
76.033058	,	75.713241
75.295544	,	74.594595
73.981415	,	73.170732
72.251309	,	71.182944
70.588235	,	69.790964
69	,	68.919594
69.157525	,	69.362225
69.053708	,	69.505848
70.286086	,	71.486129
71.891642	,	72
72.251309	,	71.875
71.808511	,	71.858366
72.0167	,	71.875
71.44352	,	71.052632
71.117728	,	71.428571
71.134021	,	71.875
72.335469	,	72.251309
71.983308	,	71.502591
72.054302	,	71.808511
71.688312	,	71.539658
72.559444	,	72.631579
72.631579	,	72.631579
72.580645	,	72.823219
71.88332	,	71.428571
70.588235	,	70.408163
69.587629	,	69.172932
68.877551	,	69
69.587629	,	69.346734
69.521411	,	69.747852
69.728273	,	70.695951
72.386059	,	72.998707
72.580645	,	71.875
72.121247	,	73.735455
73.6	,	73.404255
74.3579	,	74.474681
73.972603	,	73.61745
73.972603	,	73.999047
73.994638	,	73.465042
73.796791	,	73.757349
73.6	,	73.796791
73.569482	,	73.404255
73.033047	,	73.569482
73.82311	,	72.631579
71.875	,	71.725572
72.184122	,	71.875
70.866142	,	70.236951
70.408163	,	70.793434
70.745044	,	70.544133
70.588235	,	71.317829
71.618037	,	70.769231
70.680628	,	70.943051
71.502591	,	72.062663
71.134021	,	71.362905
71.211513	,	71.134021
71.240106	,	70.951157
71.044503	,	71.317829
71.317829	,	71.064828
70.588235	,	70.376247
70.87423	,	71.317829
70.797469	,	70.769231
70.951157	,	71.65109
72.45785	,	72
72.631579	,	73.634908
74.576678	,	75.245365
67.657895	,	67.480315
67.598598	,	67.955947
67.896127	,	67.657895
67.657895	,	67.896127
67.717296	,	67.362445
67.303665	,	67.011295
66.548749	,	66.035959
65.364407	,	64.815126
64.489967	,	64.59799
64.43609	,	64.382304
64.061462	,	63.691164
63.325123	,	63.325123
63.325123	,	63.221311
62.656377	,	62.251816
62.001608	,	61.802885
62.051488	,	62.707317
63.273175	,	63.273175
63.902237	,	64.221482
64.869638	,	65.143581
65.698467	,	66.319862
66.895056	,	67.011295
66.953125	,	67.011295
66.895056	,	67.127937
67.069565	,	67.244987
67.186411	,	66.895056
66.262887	,	66.092545
66.149228	,	65.97947
66.206009	,	66.376936
66.606218	,	66.206009
67.244987	,	68.804639
69.236984	,	68.804639
69.423942	,	70.826446
70.631868	,	70.245902
69.990926	,	71.087558
71.153137	,	69.611913
69.236984	,	69.927471
70.245902	,	68.989267
68.682102	,	68.317095
68.56	,	68.37766
67.421329	,	67.069565
67.303665	,	67.421329
67.011295	,	67.011295
67.362445	,	68.499112
69.674797	,	69.112903
69.05103	,	69.423942
70.054496	,	69.611913
69.05103	,	69.05103
69.361511	,	69.86413
68.866071	,	69.112903
69.549143	,	70.826446
71.350601	,	71.284658
70.956762	,	71.949627
72.354597	,	72.901701
73.178368	,	73.38725
73.247863	,	72.69557
73.247863	,	74.163462
75.175439	,	75.10224
75.691855	,	75.691855
75.617647	,	75.322266
75.990148	,	76.517857
75.990148	,	75.990148
76.215415	,	76.140178
75.915354	,	75.990148
67.813268	,	67.349927
67.481663	,	67.555072
67.742991	,	67.541713
67.702371	,	67.980296
67.647059	,	67.317073
67.182344	,	67.120623
66.39226	,	65.958577
65.402844	,	64.885659
64.788732	,	64.583225
64.637002	,	64.299027
64.01072	,	63.59447
63.552167	,	63.581448
63.448276	,	63.2963
62.585034	,	62.211982
61.744966	,	61.917344
62.302483	,	62.870159
63.302752	,	63.23185
63.741339	,	64.285714
64.637002	,	65.248227
66.028708	,	66.346154
66.695307	,	66.666667
66.892874	,	67.084369
67.153285	,	67.215067
67.445018	,	67.153285
67.153285	,	66.990291
66.339066	,	66.346154
66.01467	,	66.028708
66.346154	,	66.346154
66.502463	,	66.346154
67.647059	,	68.539264
68.977008	,	69
69.642256	,	70.938999
70.59626	,	70.229008
70.3125	,	71.317829
70.951157	,	69.995491
69.665694	,	69.873418
70.229008	,	69.184492
68.527919	,	68.486352
68.527919	,	68.486352
67.317073	,	66.990291
67.331671	,	67.6618
66.990291	,	66.874865
67.434032	,	68.316832
69.439785	,	68.992334
69.007668	,	69.521411
69.767442	,	69.157525
69.088279	,	68.950203
69.56242	,	70.050761
69.023008	,	69.180638
69.587629	,	70.588235
71.428571	,	71.506707
71.408038	,	72.062663
72.396473	,	72.77628
73.183666	,	73.015873
73.369565	,	73.209549
73.421613	,	74.189117
74.796748	,	75.263604
75.409836	,	75.418994
75.409836	,	75.616438
75.77329	,	76.033058
76.243094	,	76.243094
76.289926	,	75.972596
75.954012	,	76.074972
85.13246612	,	84.90586063
84.75821307	,	84.40385557
85.32071345	,	85.18540604
84.01949252	,	83.62520854
82.66876829	,	82.93272221
81.79211987	,	82.19178082
80.59565563	,	80.89098726
79.67979347	,	79.76877691
80.42766068	,	80.53950731
81.79223137	,	81.42117955
81.79223137	,	82.06676952
82.31604422	,	83.34444593
80.76457127	,	81.94224983
81.10431637	,	81.87203129
81.01911241	,	82.01258893
80.84924042	,	82.38793182
81.18958987	,	81.86119616
81.53281696	,	82.10472732
80.84902254	,	82.27337798
80.2601499	,	82.59627628
81.18948001	,	82.51392422
81.18948001	,	81.17640851
82.22816397	,	82.06138191
81.87895834	,	81.89907577
81.61899437	,	82.43184947
81.70546541	,	82.10495202
81.01889361	,	81.52284678
80.67997079	,	81.41598684
81.10420674	,	81.41598684
81.70557668	,	81.17651834
82.05330182	,	82.25713581
81.70557668	,	81.7805256
81.6191054	,	82.17388267
81.53281696	,	81.88342802
81.6191054	,	81.73206594
82.22816397	,	81.89371015
82.05318961	,	82.49202921
82.31581836	,	82.92160453
81.8788466	,	81.74275555
81.18937015	,	80.79197682
80.42744506	,	80.44038429
80.93386894	,	81.32527671
80.84902254	,	80.66662902
80.76435384	,	80.94850056
80.67986231	,	80.38832922
79.76209625	,	79.76877691
80.09344235	,	79.64605294
79.76220229	,	79.64605294
79.92753237	,	80.14458082
79.43369074	,	79.67566692
78.30465208	,	78.88218682
78.46388634	,	78.59760906
78.38413714	,	78.8570978
79.35185406	,	79.76877691
79.67979347	,	79.85083863
79.02670708	,	79.20917559
78.86507894	,	78.77706485
78.38413714	,	78.26573565
78.62387257	,	78.63242487
79.18889455	,	79.53888656
80.09344235	,	79.53888656
79.27029055	,	79.30025455
79.43358558	,	79.60008915
79.51548564	,	79.43716123
80.09344235	,	80.02059197
81.53270617	,	81.872143
82.22805128	,	83.49591844
82.40377299	,	82.99375057
82.14047116	,	82.38272819
82.40377299	,	82.74492498
83.29365316	,	84.00420021
84.66516339	,	85.44306501
84.4796756	,	84.70879235
83.92817427	,	84.63375448
83.29376879	,	84.92316577
83.75256143	,	84.05527475
84.11124553	,	83.63639912
85.32083478	,	85.18528509
85.79542367	,	86.64722881
86.56572142	,	85.98144234
85.98674084	,	85.98144234
85.60495596	,	85.44318669
86.17878939	,	85.91606573
86.08259625	,	84.92328597
85.32071345	,	84.40385557
84.38059021	,	83.98150727
84.01961018	,	84.40385557
83.92817427	,	84.66277406
84.57231779	,	84.14651591
84.29499878	,	84.59926737
84.85134751	,	84.15784646
84.57231779	,	84.54169244
85.13246612	,	85.17367622
86.37182206	,	86.80467646
87.94765356	,	87.34183849
87.94765356	,	88.17901516
87.94765356	,	87.32950733
87.54829748	,	86.86525028
87.54829748	,	86.52028396
87.74752113	,	87.68712066
88.3506697	,	89.30750957
88.0480625	,	88.63192197
88.55343536	,	87.97886161
87.94752464	,	88.16631694
88.04793329	,	88.63192197
88.45174073	,	88.46139103
88.96190355	,	89.91525487
89.47798543	,	89.53286229
89.58192117	,	90.49186855
89.53753861	,	89.90232113
89.79038435	,	89.32053866
91.71212786	,	90.60419407
91.38623784	,	91.49200589
92.48198528	,	92.39724656
93.15208009	,	93.14557256
94.75424696	,	94.61439116
94.98765952	,	94.93971328
94.75424696	,	95.26002016
94.87080967	,	94.70788143
94.34021598	,	94.2908464
93.83224983	,	93.96980124
92.92787867	,	93.97701322
93.03998859	,	94.07662227
91.93105784	,	92.92917403
91.17044619	,	91.69432779
89.79065309	,	90.78955133
89.79065309	,	89.90245584
90.10537824	,	90.79642081
89.79065309	,	91.52578052
90.63471491	,	91.08947567
90.00009	,	90.19640267
88.75726515	,	89.19877203
87.84734474	,	86.3401283
88.04793329	,	87.61925345
88.14857148	,	87.61925345
87.84734474	,	87.61925345
87.54816973	,	87.34196563
86.76036786	,	86.52053349
86.37169772	,	86.26217375
86.76024241	,	87.09688658
87.54816973	,	87.7429016
88.55330466	,	88.01654711
88.92511764	,	90.49200503
88.6552331	,	88.56899082
88.75726515	,	89.38827136
89.58205492	,	88.72786425
89.58205492	,	89.32040569
80.34376419	,	80.9384544
81.18948001	,	80.40922937
80.09354927	,	80.123925
79.84478174	,	80.23267476
79.59755476	,	79.64615867
79.76220229	,	80.23267476
80.42766068	,	80.46141942
80.17681661	,	80.05166
79.76220229	,	79.77397374
78.94581028	,	79.88177497
79.02670708	,	78.409131
78.78451254	,	79.82523595
79.43358558	,	79.87656408
79.18889455	,	78.93874748
78.86497528	,	79.20415663
79.02660299	,	78.85720144
77.98781051	,	79.06805124
77.90902563	,	78.60770041
77.86979392	,	78.40923347
78.38413714	,	78.47363547
78.30454989	,	79.08326677
77.90902563	,	77.96622503
77.51747696	,	77.4798391
77.28453073	,	77.88667489
77.05298035	,	76.88029994
76.59382169	,	76.66673481
77.51757711	,	77.23886505
78.30454989	,	77.94171519
79.39259373	,	78.85720144
79.67968766	,	79.18398266
79.84467549	,	79.76888296
80.84902254	,	80.70189125
81.01889361	,	81.83986938
81.96598139	,	81.89918756
82.84638072	,	83.08810801
83.74601509	,	83.14925013
83.92829167	,	83.99843763
84.11136345	,	84.33492773
84.66540233	,	84.15206278
84.57255621	,	84.81296621
84.7583328	,	84.92893571
84.11136345	,	83.80567141
84.29523563	,	83.64199553
84.29523563	,	84.15206278
84.11136345	,	84.31205578
84.29511721	,	84.91162822
84.4796756	,	84.40955516
83.83693716	,	84.73786342
82.93547344	,	84.04974064
82.31593129	,	82.38815808
81.87907007	,	81.89918756
82.22827666	,	82.4757006
82.75759335	,	83.13266033
82.58036101	,	82.61288017
82.93558808	,	82.56899672
82.14069606	,	84.66277406
81.53292775	,	81.09708132
81.61921643	,	80.23267476
81.87907007	,	81.26689674
82.40399934	,	83.38382687
83.56464491	,	85.34923484
84.8515875	,	86.41822388
85.89097572	,	86.28016031
86.37182206	,	87.8175152
85.98661762	,	88.02287421
86.76036786	,	85.34923484
87.54816973	,	88.73350666
88.55330466	,	90.08508536
88.75713385	,	91.71479146
89.79038435	,	89.79199684
88.55330466	,	87.89212706
86.76036786	,	86.58695856
85.98661762	,	86.1185508
86.08259625	,	85.71440816
86.37182206	,	86.25014555
86.17891317	,	86.79262205
86.76061878	,	86.90186173
87.05430012	,	87.34183849
86.95614367	,	85.59628512
85.70008399	,	85.53734561
85.51003888	,	85.45486915
86.46866304	,	86.44212844
86.27519775	,	86.31007181
86.76049332	,	87.06630099
87.34997642	,	87.06630099
87.74739281	,	87.06630099
87.25102556	,	87.23149057
86.56559652	,	86.25014555
86.85808258	,	87.6191255
87.64766806	,	88.23529412
88.6551021	,	88.745975
88.6551021	,	88.19145778
88.24943998	,	88.52456114
88.3505396	,	88.17888557
88.45187113	,	88.17888557
88.6552331	,	88.17888557
88.55343536	,	88.745975
88.3505396	,	88.46152145
87.74752113	,	87.44634802
88.45187113	,	87.66239459
88.6552331	,	88.77144755
89.27083581	,	89.6104187
90.10510761	,	90.06534241
89.79038435	,	89.61055254
88.96177164	,	89.32053866
88.45174073	,	89.03239592
88.96190355	,	89.6104187
89.47798543	,	89.41691231
89.58178743	,	89.40398831
88.75713385	,	89.41038323
88.45174073	,	88.43635678
88.85940073	,	88.17901516
88.96190355	,	88.17901516
89.37429059	,	89.6104187
90.00009	,	90.49186855
90.31615169	,	90.19613149
90.10510761	,	89.90245584
90.10510761	,	90.60419407
90.42204489	,	90.30119965
91.06265566	,	90.90275526
90.95525759	,	90.19640267
90.00009	,	90.49214151
89.68609865	,	90.29467668
89.58192117	,	89.32067163
89.79051872	,	89.61055254
90.95525759	,	90.78968871
91.06265566	,	89.90245584
90.84811255	,	90.57779576
91.06265566	,	90.90936639
90.84811255	,	90.67704012
91.93091698	,	92.00026987
91.82146235	,	92.00026987
91.82146235	,	91.83706268
90.84811255	,	91.73526426
90.634578	,	90.49214151
89.89518222	,	90.19640267
89.89518222	,	90.49214151
89.76499524	,	90.49214151
90.00009	,	90.000225
90.06737039	,	89.6299627
88.6552331	,	89.32053866
88.96203545	,	88.37982112
89.16775278	,	89.70111588
89.89518222	,	89.2819942
84.387309	,	84.295082
84.665203	,	84.479737
84.203057	,	83.114224
81.965994	,	80.595611
79.844721	,	79.679752
79.597523	,	79.844721
80.093458	,	80.764398
81.275026	,	82.053191
82.403846	,	82.491979
82.140575	,	81.446674
81.189474	,	80.553735
79.844721	,	79.270298
79.026639	,	78.704082
79.597523	,	80.595611
81.705508	,	82.053191
81.878981	,	81.748591
81.222903	,	80.595611
79.844721	,	80.176715
80.260146	,	80.511482
81.360759	,	82.315902
82.757511	,	83.203883
83.529079	,	83.293736
83.024758	,	82.66881
82.403846	,	82.846402
83.203883	,	83.564464
84.203057	,	83.928183
82.491979	,	81.104101
79.844721	,	78.066802
76.822709	,	75.990148
75.469667	,	75.691855
76.442022	,	78.225152
80.427529	,	82.140575
83.114224	,	82.935484
82.491979	,	81.018908
79.515464	,	78.145897
77.439759	,	77.052947
77.439759	,	78.543788
79.762151	,	81.446674
81.792153	,	81.619048
82.140575	,	83.024758
82.846402	,	81.619048
79.927461	,	78.784474
78.384146	,	78.865031
80.093458	,	81.53277
82.315902	,	82.846402
83.745928	,	84.758242
86.371781	,	87.054176
87.44898	,	87.84738
88.451835	,	90.210526
91.062574	,	91.170213
90.741176	,	90.955189
91.170213	,	91.821429
92.150538	,	91.603325
90.955189	,	90.10514
90.10514	,	90.42204
90.848057	,	91.062574
90.634548	,	90.741176
90.634548	,	91.494662
92.482014	,	92.371257
91.712247	,	91.016904
91.494662	,	91.170213
91.494662	,	91.062574
90.210526	,	89.686047
89.064665	,	89.790454
90.42204	,	91.108289
90.210526	,	90.528169
90.42204	,	90.741176
91.386256	,	90.741176
89.895105	,	88.655172
88.350515	,	88.047945
88.249428	,	87.44898
86.565657	,	85.986622
85.890869	,	86.662921
87.548241	,	87.947548
87.349943	,	87.251131
87.251131	,	87.84738
88.249428	,	87.4134
88.047945	,	87.44898
87.44898	,	84.146341
84.59338	,	84.923077
84.662577	,	84.146341
83.21608	,	81.678285
80.890973	,	79.994847
79.646018	,	79.625593
79.768786	,	80
80.466472	,	81.415929
82.061447	,	82.634731
82.513952	,	82.14829
81.570997	,	81.086375
80.466472	,	80
79.310345	,	78.857143
78.952387	,	79.538905
80.581327	,	81.490716
81.942337	,	82.142857
81.89911	,	81.176471
80.780488	,	80.232558
80.118694	,	80.061884
80.701754	,	81.325301
82.191781	,	82.777104
83.557589	,	83.383686
83.299799	,	83.13253
82.822086	,	82.568807
82.634731	,	83.333333
83.850932	,	83.999223
83.462133	,	82.634731
81.112853	,	79.310345
78.255939	,	77.142857
76.033058	,	75.46482
75.607232	,	76.880223
78.374456	,	80.03093
81.963968	,	83.546347
82.634731	,	82.088566
81.176471	,	79.768786
78.51318	,	77.52809
77.128485	,	77.809798
78.409091	,	79.620488
81.656805	,	82.045184
81.656805	,	81.89911
82.766893	,	82.882883
81.587072	,	79.902213
79.083095	,	78.51318
78.632479	,	80.092861
81.415929	,	82.552343
82.634731	,	83.383686
84.737668	,	86.238022
86.865296	,	87.489434
87.898089	,	88.461538
90.196078	,	90.889133
91.20282	,	90.789474
91.089109	,	91.40418
92.150171	,	92.027267
91.694352	,	91.089109
90.196078	,	90.019569
90.379857	,	91.089109
90.789474	,	90.723156
90.301003	,	90.762935
91.653752	,	92.068199
92	,	91.877497
91.694352	,	91.390728
91.660517	,	91.525424
91.055718	,	90.445674
89.700997	,	89.256198
89.90228	,	90.491803
90.789474	,	90.465438
90.301003	,	90.425919
91.069072	,	90.909091
90.736411	,	89.90228
89.032258	,	88.461538
88.116353	,	88.235294
87.551107	,	86.520376
86.261981	,	86.261981
86.418035	,	87.353535
87.814785	,	87.341772
87.378641	,	87.378641
87.619048	,	88.423751
87.662338	,	87.817295
87.662338	,	87.923509
79.107692	,	79.927461
80.679916	,	81.018908
81.360759	,	81.619048
81.275026	,	81.018908
80.933893	,	81.792153
82.66881	,	83.474026
83.745928	,	83.836957
83.203883	,	82.935484
82.5803	,	82.053191
82.5803	,	82.5803
82.935484	,	83.114224
83.024758	,	83.203883
83.745928	,	83.655098
83.655098	,	83.836957
83.474026	,	83.114224
83.024758	,	82.5803
82.757511	,	82.491979
82.403846	,	82.5803
82.403846	,	82.66881
82.5803	,	82.846402
82.757511	,	83.024758
83.293736	,	83.745928
84.111232	,	83.928183
84.203057	,	83.564464
82.757511	,	81.619048
80.764398	,	80.34375
79.597523	,	79.679752
79.351852	,	79.679752
79.515464	,	80.427529
81.018908	,	81.189474
80.679916	,	80.010373
79.515464	,	78.945752
78.543788	,	78.304569
78.543788	,	78.543788
78.945752	,	79.270298
80.34375	,	81.018908
81.018908	,	81.360759
82.053191	,	83.203883
84.111232	,	84.479737
85.415282	,	86.662921
87.647727	,	88.249428
89.16763	,	88.047945
86.662921	,	85.666067
85.7	,	85.986622
85.795328	,	85.038589
84.665203	,	84.572368
85.038589	,	85.890869
86.956032	,	86.990995
86.760405	,	87.251131
88.655172	,	90.210526
90.42204	,	90.316159
90.42204	,	90.848057
91.494662	,	92.040573
92.371257	,	91.93087
91.170213	,	91.062574
91.494662	,	92.371257
92.704327	,	92.704327
92.482014	,	92.593037
92.927711	,	93.264813
93.377724	,	92.704327
91.836899	,	91.170213
90.848057	,	90.42204
90	,	89.270833
88.350515	,	88.757192
88.757192	,	89.581882
89.775666	,	89.895105
89.686047	,	89.895105
90.210526	,	90.741176
91.170213	,	89.790454
89.270833	,	88.451835
88.553387	,	88.859447
88.655172	,	88.047945
87.947548	,	87.74744
88.047945	,	89.16763
89.374276	,	89.581882
89.581882	,	89.477958
89.581882	,	90.10514
89.477958	,	89.16763
88.148571	,	88.047945
88.350515	,	79.386385
79.768786	,	80.628408
81.176471	,	81.415929
81.656805	,	81.785855
81.325301	,	81.415929
81.855928	,	82.822086
83.383686	,	83.816979
83.641996	,	83.13253
82.634731	,	82.142857
82.300709	,	82.459169
82.431805	,	82.822086
82.921618	,	82.954849
83.378088	,	83.890578
83.890578	,	83.805668
83.636364	,	83.563211
83.21608	,	82.921618
82.844184	,	82.882883
82.634731	,	82.355281
82.426334	,	82.717283
82.38806	,	82.596263
82.568807	,	82.722792
82.962394	,	83.372967
83.636364	,	84.11215
84.11215	,	83.958629
83.383686	,	82.426334
81.818182	,	80.617941
80.158191	,	79.778598
79.538905	,	79.371166
79.533811	,	79.881657
80.696511	,	80.975355
81.001761	,	80.938416
80.232558	,	79.538905
79.083095	,	78.757134
78.409091	,	78.46358
78.488372	,	79.047862
79.768786	,	80.466472
81.012328	,	80.938416
81.415929	,	81.764319
83.032491	,	83.890578
84.836066	,	85.325639
86.25	,	87.341772
88.091354	,	88.745981
87.898089	,	87.157895
86.088584	,	85.702457
85.513633	,	85.572551
85.185185	,	84.662577
84.923077	,	85.185185
86.25	,	86.538462
86.792453	,	87.078455
87.662338	,	89.032258
89.90228	,	90.491803
90.491803	,	90.789474
90.942374	,	91.877497
92.307692	,	92.170686
91.877497	,	91.089109
91.390728	,	92
92.307692	,	92.513966
92.150171	,	92.307692
92.534645	,	92.783505
93.559322	,	93.488897
92.328278	,	91.390728
91.089109	,	90.59081
90.491803	,	89.811266
89.108911	,	88.720623
88.367129	,	88.815789
89.590998	,	90.196078
89.61039	,	89.90228
90.196078	,	90.584202
90.909091	,	90.789474
90	,	89.108911
88.745981	,	88.745981
89.032258	,	88.745981
88.153879	,	87.680904
87.78626	,	88.153879
88.815789	,	89.526418
89.61039	,	89.320388
89.61039	,	89.584535
90	,	89.837251
89.320388	,	88.486748
88.52459	,	88.461538
72.627119	,	72.219101
71.949627	,	71.815642
72.764151	,	73.178368
73.109005	,	72.490602
73.039773	,	73.667622
73.73805	,	73.527169
72.832861	,	72.832861
72.558796	,	72.286785
72.016807	,	72.286785
72.558796	,	72.354597
72.219101	,	72.219101
72.627119	,	72.901701
72.832861	,	72.69557
72.558796	,	72.970672
72.901701	,	72.422535
72.016807	,	71.882572
72.627119	,	72.354597
71.949627	,	71.949627
72.422535	,	72.286785
71.549165	,	71.682156
72.354597	,	72.901701
72.084112	,	71.815642
71.882572	,	72.016807
71.350601	,	71.022099
71.815642	,	72.422535
72.151544	,	72.219101
72.970672	,	73.87931
74.163462	,	73.597328
73.667622	,	73.87931
73.178368	,	72.490602
72.764151	,	72.901701
72.901701	,	72.558796
72.832861	,	74.306358
76.746269	,	78.066802
77.987867	,	78.145897
78.543788	,	78.704082
78.066802	,	77.830474
77.207207	,	77.439759
76.66998	,	76.366337
77.362086	,	77.987867
78.384146	,	78.704082
79.597523	,	79.351852
79.679752	,	79.107692
78.304569	,	77.830474
77.517588	,	76.899302
76.442022	,	75.915354
75.840708	,	76.140178
75.469667	,	75.24878
75.543585	,	75.617647
75.469667	,	75.322266
75.10224	,	75.691855
75.10224	,	75.766208
76.065089	,	76.290801
76.517857	,	76.976048
77.362086	,	77.987867
78.543788	,	78.865031
80.595611	,	80.511482
81.104101	,	80.679916
80.176715	,	80.176715
80.427529	,	80.595611
79.927461	,	79.107692
78.225152	,	78.225152
77.909091	,	77.752016
77.207207	,	76.899302
76.442022	,	76.065089
75.990148	,	75.915354
75.915354	,	75.766208
76.215415	,	75.601786
76.517857	,	76.215415
72.589129	,	72.0167
71.875	,	71.758724
72.725143	,	73.352232
73.015873	,	72.631579
72.972973	,	73.6
73.643641	,	73.6
72.990127	,	72.827489
72.729402	,	72.192513
71.875	,	72.062663
72.77628	,	72.470533
72.062663	,	72.251309
72.848847	,	73.170732
72.631579	,	72.550967
72.686838	,	73.015873
72.83176	,	72.411381
72.251309	,	71.895803
72.251309	,	72
71.875	,	72.062663
72.767753	,	72.440945
71.564391	,	71.502591
72.386059	,	72.610348
72.251309	,	71.970794
72.251309	,	72.062663
71.436788	,	71.134021
72	,	72.478992
72.11706	,	72.356539
72.823219	,	73.796791
73.994638	,	73.6
73.369565	,	73.796791
73.170732	,	72.402938
72.631579	,	73.295958
73.015873	,	72.780545
73.015873	,	74.594595
76.994607	,	77.956314
77.809798	,	78.409091
78.632479	,	78.409091
78.389296	,	77.586207
77.310924	,	76.989834
76.454294	,	76.463707
77.363897	,	77.966102
78.409091	,	79.083095
79.330608	,	79.411765
79.538905	,	79.411765
78.448711	,	77.966102
77.455566	,	76.880223
76.454294	,	76.084293
75.824176	,	76.140265
75.565831	,	75.009059
75.373225	,	75.616438
75.824176	,	75.579626
75.208914	,	75.565831
75.722473	,	75.824176
76.056338	,	76.477833
76.585193	,	76.808905
77.310924	,	78.005276
78.488372	,	78.857143
79.881657	,	80.701754
81.325301	,	80.675544
80.556418	,	80.310378
80.466472	,	80.628408
79.912495	,	79.083095
78.26087	,	77.966102
77.639557	,	77.746479
77.310924	,	76.965979
76.454294	,	76.056338
75.824176	,	75.616438
75.963303	,	76.033058
76.219699	,	76.047024
76.243094	,	76.271186
71.815642	,	71.218837
71.350601	,	71.748837
71.748837	,	71.815642
71.482854	,	70.826446
70.761468	,	70.181984
70.631868	,	70.696609
70.054496	,	69.800905
70.118182	,	70.181984
69.927471	,	69.800905
70.567246	,	70.956762
70.631868	,	70.054496
69.990926	,	70.826446
71.482854	,	71.682156
71.882572	,	72.354597
72.422535	,	72.286785
72.151544	,	72.084112
72.422535	,	71.218837
70.502742	,	70.118182
70.181984	,	69.927471
69.112903	,	69.05103
68.989267	,	69.423942
69.299191	,	69.737794
69.737794	,	70.245902
70.118182	,	69.927471
70.245902	,	70.631868
70.891544	,	70.891544
71.087558	,	71.549165
72.422535	,	72.151544
72.354597	,	72.219101
72.558796	,	72.627119
72.354597	,	72.558796
72.970672	,	73.457143
74.59381	,	76.290801
75.990148	,	76.140178
75.915354	,	76.442022
77.673716	,	77.439759
76.517857	,	76.366337
75.840708	,	75.543585
76.593843	,	77.595573
78.145897	,	78.623853
79.270298	,	80.34375
81.189474	,	80.849057
80.260146	,	80.176715
80.010373	,	79.188912
78.865031	,	77.987867
77.362086	,	76.976048
76.746269	,	76.66998
76.290801	,	76.215415
76.366337	,	77.13
77.207207	,	77.517588
77.673716	,	77.830474
78.623853	,	79.188912
79.107692	,	79.351852
79.597523	,	80.260146
80.260146	,	80.093458
79.844721	,	79.597523
79.597523	,	79.597523
79.026639	,	78.865031
78.704082	,	78.704082
79.107692	,	79.433574
78.623853	,	79.026639
78.543788	,	78.384146
79.026639	,	78.225152
78.225152	,	77.987867
78.304569	,	78.304569
78.304569	,	78.543788
79.270298	,	79.762151
79.679752	,	79.252867
78.623853	,	78.225152
71.987747	,	71.317829
71.240106	,	71.684174
71.688312	,	71.638692
71.502591	,	70.801505
70.408163	,	70.3125
70.564172	,	70.372259
70.320462	,	69.873418
70.050761	,	70.408163
70.050761	,	70.3125
70.588235	,	70.866142
70.428126	,	70.264766
70.229008	,	71.064828
71.502591	,	71.317829
71.502591	,	72
72.251309	,	72.255512
72.2303	,	72.242904
72.079392	,	71.203348
70.46009	,	70.229008
70.408163	,	69.818427
69.521411	,	69.172932
69.373848	,	69.40874
69.331249	,	69.443668
69.822352	,	70.408163
70.050761	,	70.050761
70.229008	,	70.496084
70.560164	,	70.680628
70.769231	,	71.771164
72.440945	,	72.251309
72.390278	,	72.251309
72.440945	,	72.386059
72.440945	,	72.665575
73.209549	,	73.6
74.670835	,	76.033058
75.630252	,	75.824176
75.616438	,	76.41196
77.52809	,	77.489394
76.880223	,	76.243094
75.954012	,	75.777913
77.142857	,	77.746479
78.51318	,	78.91471
79.519402	,	80.838323
81.176471	,	80.880438
80	,	79.589875
79.881657	,	79.538905
78.75214	,	78.575323
77.113304	,	76.487252
76.880223	,	76.704545
76.699809	,	76.880223
76.770923	,	77.094972
77.310924	,	77.310924
77.878104	,	77.843936
78.632479	,	78.947368
79.274909	,	79.083095
79.310345	,	80.232558
80.617941	,	79.768786
79.630698	,	79.845709
79.538905	,	79.646018
79.083095	,	78.857143
78.632479	,	78.857143
78.937333	,	79.138524
79.083095	,	78.717201
78.632479	,	78.453667
78.632479	,	78.409091
78.374456	,	77.990581
78.409091	,	78.802106
78.597646	,	78.717201
79.310345	,	79.768786
79.538905	,	79.083095
78.488372	,	78.384348
77.20715968	,	78.43865248
78.78440909	,	78.71701757
79.67968766	,	79.53878112
80.3436566	,	80.09280086
79.9274259	,	79.59998355
78.06675488	,	78.18689796
76.51782674	,	76.59567949
75.99015168	,	76.03300339
76.06510158	,	76.24304759
75.99015168	,	75.82411333
74.88346261	,	75.04530861
73.52706899	,	73.69604068
72.76405165	,	72.93431778
72.4224838	,	72.6314872
73.31745603	,	73.54761841
74.23482455	,	74.39341469
73.95018469	,	73.99459839
72.76422814	,	73.11901338
72.35471174	,	72.44093347
73.73815581	,	73.99468965
75.84078996	,	75.84270728
77.43993887	,	76.88029994
77.20735838	,	77.18610341
77.13014169	,	77.31101966
77.20735838	,	77.31101966
78.6239756	,	78.55305277
80.09354927	,	80.23267476
80.0104547	,	79.64615867
79.27029055	,	79.57981856
78.14596103	,	77.74659276
77.75213397	,	77.36405202
77.90912679	,	77.96622503
78.46398895	,	78.63263097
78.14596103	,	77.74659276
77.28463028	,	77.31101966
76.7463635	,	76.70466531
77.28463028	,	76.68574438
79.10776983	,	79.08316254
79.844888	,	79.26987164
78.6239756	,	78.55788669
77.51767726	,	78.06411406
76.8228133	,	76.88020143
75.99024792	,	76.03300339
75.24888569	,	75.61636792
74.81091541	,	74.91403614
74.88355607	,	74.22894681
74.95633793	,	75.39137548
75.10223291	,	74.8778555
75.6176068	,	76.24304759
77.75203322	,	78.77706485
78.22512408	,	78.38423954
77.51757711	,	78.1622492
77.75193246	,	79.05784135
79.18879003	,	79.8097336
80.93375976	,	81.73195461
80.67975382	,	81.87203129
79.59734357	,	82.36067662
79.18879003	,	80.18067378
79.43348042	,	79.28495542
79.76199022	,	79.67154079
80.26004254	,	80.7017827
80.59554736	,	80.78055558
81.27504287	,	80.46649107
81.53281696	,	81.58714187
81.36078627	,	80.9384544
80.76446256	,	81.27218053
79.02670708	,	77.31101966
78.14596103	,	78.12306727
77.90912679	,	78.15746384
76.89931701	,	76.4637065
75.39592284	,	75.20436787
74.44981586	,	74.52749568
74.0921855	,	73.99468965
73.59732695	,	73.55645458
72.49064569	,	72.63157512
71.88263004	,	71.80022306
72.90179521	,	72.66984153
73.73815581	,	73.60003533
74.09227699	,	74.02116265
74.23491639	,	74.58567657
74.23491639	,	74.39359917
74.66605606	,	74.79673986
74.73841555	,	74.8959882
74.81091541	,	74.84180314
75.17544068	,	75.19531984
75.10223291	,	75.00909485
75.17544068	,	75.41904708
75.10223291	,	75.51083077
75.10223291	,	75.20436787
75.54363085	,	75.61646322
76.82271494	,	76.72820695
77.43983893	,	77.09495915
77.67382431	,	77.58614001
77.90912679	,	77.75616444
78.86507894	,	78.86704856
80.17670947	,	80.35699936
80.09344235	,	80.00234674
79.10766553	,	79.18366916
78.86020714	,	79.1283224
79.02660299	,	79.08295406
79.27029055	,	79.17875792
79.10766553	,	79.08295406
78.78440909	,	78.91216944
78.78440909	,	78.71712084
78.78440909	,	78.63242487
79.18889455	,	78.95235489
79.51548564	,	79.48041007
79.51548564	,	79.78415726
79.27521315	,	79.03774184
79.18899906	,	79.2900894
79.10776983	,	79.17886241
79.02670708	,	78.92234173
78.14596103	,	77.96612372
77.59567223	,	77.87323017
77.51767726	,	77.74649201
77.67382431	,	77.96612372
78.06685646	,	78.18699985
77.90912679	,	77.45563406
77.90912679	,	77.96622503
77.90912679	,	77.76604087
78.06685646	,	78.03477229
78.38413714	,	78.56786496
78.78451254	,	78.63252792
79.43358558	,	79.31042231
79.92753237	,	80.00010667
80.59565563	,	80.66511073
81.44671077	,	81.2083807
82.05318961	,	81.98020451
80.76435384	,	80.57606515
80.42744506	,	80.23246018
80.84891359	,	80.59695478
81.79200838	,	81.89907577
82.14035871	,	82.2734908
80.84891359	,	80.7017827
79.59734357	,	79.76877691
78.94560253	,	79.11840993
78.94560253	,	78.94736842
76.82271494	,	78.15267907
78.30454989	,	79.90752036
79.02660299	,	80.33128622
78.22512408	,	78.77220391
76.51782674	,	77.63965109
76.06510158	,	76.3697876
75.76628123	,	76.17770736
76.54672221	,	78.09368118
76.73291701	,	78.27084059
77.75203322	,	78.99268528
79.35185406	,	79.4677778
79.02660299	,	78.63263097
78.38413714	,	78.00545258
78.30454989	,	78.62768481
79.76209625	,	79.64615867
79.10756123	,	79.538992
78.62366651	,	79.08316254
78.99580532	,	78.63252792
78.95973185	,	78.99258128
78.06665331	,	78.409131
78.30444769	,	78.0346708
78.86497528	,	79.0830583
79.59744917	,	79.91241599
79.84467549	,	79.53878112
78.14585925	,	78.71206079
77.51757711	,	77.7706776
76.59382169	,	77.15712019
76.36628836	,	76.99444485
76.74626533	,	76.81356835
76.89921845	,	76.8706472
76.44188506	,	76.70701882
75.24860257	,	75.93004818
74.73822935	,	74.644877
74.88336915	,	75.08512776
75.10213891	,	74.83526886
75.76608988	,	75.94263799
77.43963903	,	76.85902773
76.74616717	,	76.58893315
75.1753465	,	74.98893913
74.66596315	,	74.84432381
74.0921855	,	76.38388504
74.88346261	,	75.86908032
75.17544068	,	76.4746219
74.73832245	,	76.12512941
74.88346261	,	76.59567949
75.6176068	,	76.91824488
75.02916759	,	76.80884838
74.88346261	,	76.00969377
76.14010287	,	77.44573635
77.28453073	,	78.48821238
77.75193246	,	76.88010292
76.51772916	,	76.06095525
75.32209611	,	75.38692338
75.10213891	,	74.86440185
75.10213891	,	74.7968331
75.69182326	,	75.1180292
76.82271494	,	75.73644223
77.59557188	,	77.02815122
77.05298035	,	76.57700775
76.82271494	,	76.43088164
77.58443449	,	76.57691002
78.30465208	,	78.09357954
79.160059	,	79.44231495
80.42766068	,	80.51346118
81.70568794	,	83.89625389
79.59766036	,	79.7685648
77.43983893	,	77.96581978
77.13004254	,	75.7592019
78.54379799	,	78.85689052
78.86507894	,	78.92701356
77.52879549	,	78.29024543
76.59391946	,	76.66644093
76.16706993	,	75.40956822
75.99024792	,	75.62542224
75.10232692	,	72.83577596
75.10232692	,	75.10420709
76.29093804	,	76.14019949
77.28472983	,	79.53878112
77.51777741	,	76.92771231
77.90922796	,	77.13797541
79.59766036	,	78.71206079
81.53292775	,	80.78555877
82.58047467	,	81.98546944
82.54264359	,	81.74264418
83.92829167	,	83.09351621
85.89097572	,	85.14430541
87.05430012	,	86.47825937
87.54842522	,	86.81685983
87.94778247	,	87.10308214
87.84760198	,	87.57602694
86.66312311	,	86.39420813
85.70020639	,	85.6435686
85.60507809	,	85.44914921
86.22015166	,	85.98156555
86.56584631	,	86.7927476
86.37194639	,	85.9756517
84.8515875	,	84.46124285
83.11423498	,	81.96407788
82.49191579	,	83.13266033
82.66876829	,	82.6348394
83.38371099	,	83.6365157
85.03847282	,	84.89793146
85.79517831	,	86.0667907
85.89072981	,	86.30001625
85.41508886	,	85.04136554
84.57219858	,	84.75114944
84.66504392	,	84.9482948
85.50991701	,	86.32397965
84.75821307	,	85.25730655
83.45469036	,	84.47444226
82.40388617	,	83.25135388
81.87895834	,	83.29249687
81.61899437	,	82.57979272
81.27493278	,	81.94773374