847.919097	,	793.465578
816.8028	,	840.140024
847.919097	,	785.686504
809.023726	,	816.8028
824.581875	,	777.907429
777.907429	,	832.360949
855.698172	,	863.477246
793.465578	,	816.8028
824.581875	,	840.140023
816.802801	,	777.907429
809.023726	,	809.023726
816.802801	,	777.907429
762.34928	,	777.907429
816.802801	,	840.140023
801.244652	,	832.360949
863.477246	,	863.477246
832.360949	,	793.465578
801.244652	,	824.581874
840.140024	,	816.8028
801.244652	,	840.140024
847.919097	,	879.035395
824.581875	,	777.907429
770.128354	,	809.023727
832.360949	,	855.698172
816.8028	,	816.8028
832.36095	,	832.360949
809.023726	,	793.465577
801.244652	,	824.581875
855.698172	,	816.8028
785.686504	,	793.465577
809.023726	,	840.140024
855.698172	,	801.244652
785.686503	,	777.907429
793.465578	,	824.581874
840.140024	,	824.581874
801.244652	,	824.581875
832.360949	,	847.919098
801.244652	,	824.581874
801.244652	,	832.360949
886.814469	,	824.581875
785.686503	,	801.244652
824.581875	,	840.140023
809.023727	,	746.791131
762.349281	,	793.465577
832.36095	,	793.465577
762.349281	,	777.907429
801.244651	,	840.140024
816.8028	,	777.907429
762.349281	,	801.244652
816.8028	,	785.686503
754.570206	,	754.570207
770.128354	,	809.023727
793.465577	,	746.791132
746.791132	,	777.907429
801.244652	,	801.244652
777.907429	,	770.128354
785.686504	,	801.244652
777.907429	,	762.34928
723.453909	,	723.453909
746.791132	,	754.570206
770.128355	,	746.791132
762.34928	,	793.465578
816.8028	,	801.244652
770.128355	,	739.012057
762.349281	,	777.907429
770.128354	,	739.012058
731.232983	,	754.570206
777.907429	,	793.465578
770.128355	,	754.570206
762.34928	,	793.465578
793.465578	,	762.34928
731.232983	,	739.012058
770.128355	,	801.244651
785.686504	,	754.570206
762.34928	,	826.086957
808.21256	,	822.222222
826.086957	,	862.801932
789.371981	,	804.347826
826.086957	,	782.608696
797.584541	,	789.371981
804.347826	,	872.94686
866.183575	,	782.608696
826.086957	,	804.347826
854.10628	,	822.222222
777.777778	,	806.763285
826.086957	,	789.371981
797.584541	,	760.869565
782.608696	,	804.347826
832.36715	,	819.806763
826.086957	,	847.826087
884.057971	,	811.594203
810.628019	,	798.067633
826.086957	,	826.086957
826.086957	,	790.338164
840.096618	,	871.014493
866.666667	,	827.536232
760.869565	,	782.608696
806.763285	,	844.444444
827.05314	,	839.613527
812.560386	,	831.884058
842.028986	,	804.347826
782.608696	,	804.347826
833.333333	,	862.318841
782.608696	,	804.347826
795.169082	,	813.52657
847.826087	,	826.086957
804.347826	,	797.101449
789.855072	,	787.922705
820.772947	,	847.826087
804.347826	,	804.347826
833.816425	,	840.096618
826.570048	,	822.222222
829.468599	,	792.753623
837.681159	,	869.565217
826.086957	,	782.608696
804.347826	,	813.043478
860.869565	,	783.574879
755.555556	,	765.217391
812.560386	,	839.613527
782.608696	,	760.869565
760.869565	,	811.594203
840.57971	,	804.347826
799.516908	,	765.700483
782.608696	,	826.086957
760.869565	,	775.845411
745.89372	,	787.439614
842.995169	,	760.869565
739.130435	,	745.89372
775.845411	,	804.347826
782.608696	,	782.608696
765.700483	,	799.516908
804.347826	,	796.135266
747.342995	,	717.391304
717.391304	,	739.130435
767.63285	,	775.845411
739.130435	,	773.913043
791.304348	,	808.695652
800	,	782.608696
739.130435	,	760.869565
761.835749	,	777.777778
742.995169	,	717.391304
761.835749	,	777.777778
786.47343	,	782.608696
739.130435	,	760.869565
797.584541	,	800
771.980676	,	717.391304
739.130435	,	771.497585
815.458937	,	782.608696
739.130435	,	760.869565
871.256321	,	801.244652
739.012057	,	731.232984
715.674834	,	739.012058
785.686503	,	871.256321
879.035395	,	879.035394
840.140024	,	770.128354
754.570207	,	723.453908
723.453909	,	746.791132
785.686504	,	871.25632
894.593544	,	894.593543
886.814469	,	832.360949
777.907429	,	723.453909
723.453909	,	707.89576
754.570207	,	832.360949
894.593543	,	910.151692
894.593543	,	879.035395
840.140023	,	816.802801
739.012057	,	707.895761
707.89576	,	746.791132
855.698172	,	879.035395
902.372617	,	897.701284
907.043952	,	902.372617
917.930767	,	863.477246
785.686503	,	746.791132
731.232983	,	715.674835
746.791132	,	801.244652
855.698172	,	894.593543
917.930766	,	933.5317
910.108907	,	902.372618
832.360949	,	777.907429
785.686503	,	761.563594
778.693116	,	754.570206
707.89576	,	746.791132
762.34928	,	832.360949
863.477247	,	917.930766
941.267989	,	956.826138
941.267989	,	894.593543
793.465578	,	746.791132
762.34928	,	793.465578
832.360949	,	801.244652
770.128354	,	824.581875
871.256321	,	824.581874
793.465578	,	785.686503
816.802801	,	863.477246
801.244652	,	777.907429
785.686503	,	809.023726
840.140024	,	824.581874
746.791132	,	770.128355
801.244652	,	832.360949
793.465577	,	754.570207
770.128354	,	777.907429
824.581875	,	832.360949
777.907429	,	746.791132
785.686503	,	801.244652
801.244652	,	770.128355
762.34928	,	777.907429
809.023726	,	807.911319
747.903539	,	746.791132
762.349281	,	801.244652
793.465577	,	754.570206
754.570207	,	754.570206
785.686503	,	809.023726
770.128355	,	754.570206
777.907429	,	827.218981
814.165694	,	801.244652
754.570206	,	762.349281
754.570206	,	777.907429
777.907429	,	746.791132
762.34928	,	785.686504
855.698171	,	832.360949
793.465578	,	801.244652
816.8028	,	824.581875
809.023726	,	754.570207
754.570206	,	866.666667
805.797101	,	739.130435
739.130435	,	717.391304
731.884058	,	811.594203
855.072464	,	884.057971
871.497585	,	844.444444
768.794326	,	742.316785
751.207729	,	717.391304
753.623188	,	789.855072
854.589372	,	906.280193
891.304348	,	869.565217
826.086957	,	773.429952
748.309179	,	718.357488
733.333333	,	765.700483
804.347826	,	891.304348
891.304348	,	891.78744
888.888889	,	849.758454
794.68599	,	748.792271
717.874396	,	733.333333
744.444444	,	826.086957
891.304348	,	871.497585
911.111111	,	913.043478
891.304348	,	928.985507
853.623188	,	782.608696
763.768116	,	733.333333
720.289855	,	760.869565
785.507246	,	866.666667
869.565217	,	930.434783
917.391304	,	913.043478
869.565217	,	855.555556
796.618357	,	782.608696
776.328502	,	767.149758
739.130435	,	717.391304
739.130435	,	770.531401
838.164251	,	850.724638
931.884058	,	934.782609
934.782609	,	954.10628
871.980676	,	804.347826
760.869565	,	762.801932
800	,	806.763285
815.458937	,	793.236715
804.347826	,	869.565217
826.086957	,	773.429952
813.52657	,	830.917874
842.995169	,	804.347826
782.608696	,	760.869565
809.178744	,	842.995169
826.086957	,	775.362319
768.115942	,	787.439614
842.995169	,	782.608696
760.869565	,	739.130435
804.347826	,	804.347826
821.256039	,	787.439614
768.115942	,	775.362319
804.347826	,	782.608696
782.608696	,	766.183575
777.294686	,	804.347826
782.608696	,	769.082126
755.555556	,	777.777778
806.280193	,	760.869565
760.869565	,	739.130435
760.869565	,	794.202899
814.492754	,	763.285024
755.555556	,	785.507246
804.347826	,	826.086957
784.057971	,	777.777778
764.251208	,	769.082126
774.396135	,	760.869565
753.623188	,	768.115942
804.347826	,	826.086957
804.347826	,	819.323671
811.111111	,	811.111111
841.062802	,	782.608696
760.869565	,	760.869565
1019.1	,	962.32
1182.4	,	1363.8
1159.1	,	1147.3
1135.7	,	1135.3
980.16	,	956.52
995.72	,	978.26
1019.1	,	1063.3
1120.2	,	1133.3
1182.4	,	1124.6
1174.6	,	1260.9
1120.2	,	1036.7
1096.8	,	1177.8
1120.2	,	1089.9
1073.5	,	1087
1042.4	,	956.52
995.72	,	1087
1058	,	913.04
1081.3	,	1111.1
995.72	,	1041.1
1081.3	,	1087
1019.1	,	978.26
956.83	,	975.85
902.37	,	871.98
1019.1	,	1021.7
1073.5	,	1106.3
964.61	,	978.26
1034.6	,	1019.8
1042.4	,	1045.4
995.72	,	999.03
980.16	,	957.49
863.48	,	913.04
956.83	,	891.3
1058	,	1082.6
1081.3	,	1091.3
1058	,	1086.5
1058	,	1066.7
1081.3	,	1061.9
1058	,	1002.3
980.16	,	1024.6
917.93	,	866.67
980.16	,	1087
1042.4	,	1001.9
1096.8	,	1085
1019.1	,	1021.7
1096.8	,	1108.7
1081.3	,	1073.4
1019.1	,	970.05
879.04	,	874.4
995.72	,	1082.1
1003.5	,	978.26
879.04	,	869.57
941.27	,	956.52
1096.8	,	1069.1
1019.1	,	1017.9
941.27	,	915.46
980.16	,	1019.3
1058	,	1043.5
1058	,	1000
941.27	,	978.26
1019.1	,	1025.6
1065.7	,	1083.1
995.72	,	983.57
1003.5	,	994.69
1058	,	1043.5
1081.3	,	1065.2
995.72	,	1030
1003.5	,	991.79
1042.4	,	1052.7
1042.4	,	1034.3
956.83	,	978.26
879.04	,	891.3
1003.5	,	985.02
1042.4	,	1058.5
995.72	,	985.99
980.16	,	970.53
1058	,	1087
1104.6	,	1043.5
1019.1	,	1054.6
980.16	,	967.15
1058	,	891.3
863.48	,	1052.7
879.04	,	866.67
956.83	,	993.72
1120.2	,	1108.7
1159.1	,	1152.2
1058	,	1043.5
1042.4	,	1035.3
1104.6	,	1116.9
1034.6	,	1060.9
964.61	,	939.13
995.72	,	978.26
1081.3	,	1087
1042.4	,	1040.1
995.72	,	1003.4
1003.5	,	1041.1
1096.8	,	1089.4
1081.3	,	1043.5
1096.8	,	1066.7
1081.3	,	1064.3
980.16	,	1000
1042.4	,	1076.6
1120.2	,	1091.3
1042.4	,	1000
941.27	,	975.36
879.04	,	888.89
1003.5	,	1027.1
1081.3	,	1043.5
1058	,	1065.2
1042.4	,	1065.2
980.16	,	954.59
1065.7	,	1088.9
1003.5	,	1019.3
1019.1	,	1002.4
964.61	,	1000
917.93	,	891.3
941.27	,	950.72
1081.3	,	1092.8
1081.3	,	1065.2
1120.2	,	1108.7
1026.8	,	1021.7
933.49	,	934.78
925.71	,	913.04
1042.4	,	1063.8
1081.3	,	1044.9
1081.3	,	1173.9
995.72	,	1002.9
1089.1	,	1084.1
1073.5	,	1071.5
1050.2	,	1037.2
956.83	,	1007.2
1042.4	,	1014.5
1058	,	1043.5
1081.3	,	1043.5
1019.1	,	1031.9
1003.5	,	1011.6
1019.1	,	1032.9
1081.3	,	1097.6
1081.3	,	1087
1042.4	,	978.26
980.16	,	1043.5
1019.1	,	1127.1
1198	,	916.43
1143.5	,	1195.7
1019.1	,	1000
980.16	,	978.26
1019.1	,	1043.5
1120.2	,	1130.4
1159.1	,	1130.4
1096.8	,	1028.5
941.27	,	993.24
956.83	,	962.32
1065.7	,	1015.9
1073.5	,	1130.4
1019.1	,	978.26
1081.3	,	1108.7
1096.8	,	1100
1042.4	,	1030.4
1019.1	,	1036.2
1120.2	,	1115.9
1058	,	1084.1
980.16	,	920.57
995.72	,	1035
1143.5	,	1112.6
1112.4	,	1108.7
1026.8	,	1000
1011.3	,	1001
1073.5	,	1107.2
1019.1	,	1000
980.16	,	956.52
1034.6	,	1021.7
1042.4	,	1025.6
972.38	,	1039.6
1042.4	,	1027.1
1034.6	,	1016.4
1096.8	,	1065.2
980.16	,	1021.7
1058	,	1074.4
1081.3	,	1056
1081.3	,	1065.2
1112.4	,	1108.7
1019.1	,	1087
1019.1	,	993.72
1096.8	,	1088.9
1143.5	,	1134.8
1081.3	,	1087
1096.8	,	1043.5
1073.5	,	1157
1120.2	,	1088.9
980.16	,	971.5
980.16	,	984.06
1159.1	,	1124.6
1112.4	,	1130.4
1003.5	,	1000
1003.5	,	1021.7
1089.1	,	1101
1104.6	,	1094.7
1058	,	1016.4
917.930766	,	956.826138
1019.058732	,	879.035395
879.035394	,	1003.500584
1019.058732	,	917.930766
917.930766	,	879.035395
941.267989	,	956.826138
917.930766	,	879.035395
840.140023	,	879.035395
941.267989	,	894.593544
902.372617	,	855.698172
863.477246	,	816.802801
816.8028	,	801.244652
812.917153	,	820.688448
879.035395	,	964.605212
941.267989	,	956.826138
995.721509	,	964.605212
956.826137	,	956.826138
956.826138	,	902.372617
980.163361	,	1019.058732
995.721509	,	917.930766
980.163361	,	995.721509
941.267989	,	917.930766
777.90743	,	777.907429
863.477246	,	933.488915
964.605212	,	979.054842
919.039284	,	917.930767
956.826137	,	1003.500584
933.488915	,	863.477246
902.372617	,	933.488915
1003.500584	,	995.721509
1042.395955	,	933.488914
941.26799	,	941.267989
894.593543	,	863.477246
816.802801	,	801.244652
925.70984	,	972.384286
855.698172	,	801.244652
840.140024	,	941.267989
863.477246	,	754.570206
793.465578	,	785.686503
801.244652	,	739.012057
793.465578	,	723.453909
801.244652	,	855.698172
879.035395	,	902.372617
933.488915	,	941.267989
894.593543	,	863.477247
871.25632	,	863.477246
917.930767	,	754.570206
840.140023	,	879.035395
894.593543	,	964.605212
894.593544	,	879.035394
933.488915	,	941.267989
855.698172	,	879.035395
894.593543	,	879.035395
917.930766	,	801.244652
777.907429	,	816.802801
855.698172	,	832.360949
863.477246	,	793.465578
902.372617	,	894.593544
832.360949	,	840.140023
777.907429	,	855.698172
777.907429	,	801.244652
777.907429	,	832.360949
855.698172	,	824.581875
793.465577	,	801.244652
715.674835	,	801.244652
739.012057	,	739.012058
754.570206	,	754.570206
739.012058	,	934.782609
956.521739	,	978.26087
910.628019	,	871.980676
1000	,	1016.908213
917.874396	,	904.347826
900	,	913.043478
956.521739	,	963.768116
862.318841	,	804.347826
933.333333	,	936.231884
891.304348	,	891.304348
858.937198	,	858.454106
782.608696	,	826.086957
843.961353	,	786.47343
826.086957	,	913.043478
918.84058	,	928.985507
982.125604	,	1017.874396
956.521739	,	936.714976
976.328502	,	956.521739
891.304348	,	975.845411
1002.415459	,	1000
953.140097	,	981.642512
978.26087	,	906.763285
919.323671	,	826.086957
787.922705	,	842.512077
934.782609	,	956.521739
978.26087	,	910.144928
915.942029	,	972.94686
1005.31401	,	928.019324
843.026005	,	890.307329
969.082126	,	1008.695652
1013.043478	,	986.956522
991.304348	,	934.782609
913.043478	,	891.304348
804.347826	,	887.439614
808.21256	,	925.120773
966.183575	,	847.826087
760.869565	,	869.565217
933.333333	,	849.275362
795.169082	,	791.78744
782.608696	,	782.608696
760.869565	,	760.869565
765.700483	,	777.777778
866.666667	,	872.463768
905.31401	,	964.251208
913.043478	,	891.304348
826.086957	,	871.980676
911.111111	,	888.888889
806.280193	,	826.086957
847.826087	,	891.304348
939.613527	,	886.47343
891.304348	,	977.777778
913.52657	,	869.565217
847.826087	,	924.637681
901.449275	,	891.304348
807.246377	,	755.555556
828.502415	,	838.164251
869.976359	,	796.690307
842.995169	,	869.565217
931.884058	,	850.724638
793.719807	,	814.975845
826.086957	,	804.347826
782.608696	,	771.980676
814.975845	,	896.135266
821.256039	,	782.608696
760.869565	,	760.869565
785.507246	,	777.777778
741.062802	,	717.391304
741.545894	,	755.555556
995.72151	,	894.593543
917.930766	,	941.267989
972.384287	,	941.267989
871.25632	,	879.035395
894.593543	,	917.930767
801.244651	,	793.465578
801.244652	,	715.674835
777.907429	,	777.907429
816.8028	,	777.907429
793.465578	,	840.140023
917.930766	,	910.151692
917.930767	,	801.244651
777.907429	,	777.907429
816.802801	,	871.25632
863.477247	,	879.035394
871.256321	,	917.930766
917.930766	,	855.698172
917.930767	,	917.930766
956.826137	,	956.826138
941.267989	,	949.047064
964.605212	,	933.488914
956.826138	,	995.721509
933.488915	,	956.826138
902.372617	,	871.256321
801.244652	,	793.465577
801.244652	,	894.593544
995.721509	,	917.930766
995.721509	,	879.035395
801.244652	,	754.570206
816.8028	,	894.593544
917.930766	,	879.035395
917.930766	,	933.488915
917.930766	,	840.140024
777.907429	,	832.360949
840.140023	,	731.232983
700.116686	,	700.116686
816.802801	,	894.593543
801.244652	,	832.360949
863.477246	,	933.488915
879.035395	,	777.907429
840.140023	,	832.360949
840.140024	,	793.465577
801.244652	,	894.593544
894.593543	,	879.035395
816.8028	,	762.349281
793.465577	,	754.570206
762.349281	,	777.907429
832.360949	,	879.035395
879.035394	,	894.593544
816.8028	,	824.581875
871.256321	,	879.035394
816.802801	,	816.8028
863.477246	,	933.488915
933.488915	,	863.477246
871.256321	,	917.930766
956.826138	,	855.698172
840.140023	,	917.930766
941.267989	,	933.488915
879.035395	,	871.25632
917.930767	,	902.372617
816.802801	,	816.8028
816.802801	,	832.360949
902.372617	,	816.802801
816.8028	,	879.035395
933.488915	,	917.930766
840.140024	,	793.465577
855.698172	,	840.140023
840.140024	,	816.8028
840.140024	,	975.845411
913.043478	,	913.043478
956.521739	,	956.521739
951.690821	,	830.917874
924.637681	,	901.449275
876.328502	,	816.548463
787.234043	,	773.995272
724.154589	,	786.956522
800	,	782.608696
817.391304	,	791.304348
847.826087	,	891.304348
914.009662	,	911.111111
805.31401	,	772.463768
792.753623	,	847.826087
847.826087	,	847.826087
908.21256	,	852.657005
913.043478	,	900.966184
881.642512	,	913.043478
934.782609	,	937.198068
932.36715	,	934.782609
977.294686	,	935.748792
975.362319	,	959.42029
978.26087	,	934.782609
949.758454	,	941.545894
826.086957	,	810.144928
776.811594	,	782.608696
913.043478	,	956.521739
971.014493	,	985.507246
903.381643	,	792.270531
760.869565	,	804.347826
869.565217	,	950.724638
875.362319	,	902.415459
945.410628	,	913.043478
830.434783	,	821.73913
826.086957	,	782.608696
739.130435	,	719.323671
711.111111	,	808.695652
902.415459	,	793.236715
826.086957	,	869.565217
934.782609	,	842.995169
830.917874	,	813.52657
838.647343	,	869.565217
782.608696	,	804.347826
860.386473	,	922.222222
869.565217	,	785.990338
822.222222	,	761.352657
749.758454	,	793.719807
760.869565	,	804.347826
869.565217	,	904.830918
877.777778	,	833.333333
840.57971	,	847.826087
891.304348	,	782.608696
859.903382	,	857.487923
942.512077	,	927.05314
847.826087	,	869.565217
934.782609	,	913.043478
885.507246	,	853.623188
901.932367	,	967.63285
913.043478	,	869.565217
849.758454	,	932.850242
913.043478	,	820.772947
831.400966	,	790.821256
856.264775	,	877.068558
822.222222	,	827.536232
883.574879	,	942.512077
901.932367	,	837.198068
782.608696	,	869.565217
847.826087	,	840.57971
811.594203	,	832.850242
1096.849475	,	1081.291326
1019.058732	,	1081.291327
1096.849475	,	1042.395954
972.384287	,	1065.733177
1112.407624	,	1104.628549
1042.395955	,	1034.616881
1143.52392	,	1096.849475
1057.954104	,	995.721509
1042.395955	,	1096.849475
1081.291326	,	956.826138
941.267989	,	995.721509
1089.070401	,	1073.512252
995.721509	,	941.267989
1081.291326	,	1120.186698
1034.616881	,	980.16336
1003.500584	,	1096.849474
1019.058732	,	956.826138
1019.058732	,	1065.733178
1050.175029	,	980.163361
840.140023	,	902.372618
972.384286	,	1104.628549
933.488915	,	1003.500583
1081.291327	,	1057.954103
1019.058732	,	956.826138
1019.058732	,	1081.291326
1019.058732	,	933.488915
1003.500583	,	1057.954104
1042.395955	,	980.16336
1042.395955	,	1151.302995
1042.395955	,	840.140023
739.012058	,	723.453909
855.698172	,	1096.849475
879.035395	,	840.140023
1081.291326	,	1096.849475
902.372618	,	840.140023
917.930766	,	995.721509
840.140024	,	762.34928
762.349281	,	816.8028
941.267989	,	723.453909
715.674835	,	801.244652
801.244652	,	816.8028
676.779463	,	762.349281
731.232983	,	707.895761
754.570206	,	723.453909
676.779463	,	661.221315
700.116686	,	637.884092
723.453908	,	715.674835
676.779463	,	661.221315
700.116686	,	777.907429
840.140024	,	739.012057
676.779463	,	816.802801
863.477246	,	816.802801
801.244651	,	777.907429
816.802801	,	840.140023
855.698172	,	785.686503
739.012058	,	824.581875
809.023726	,	902.372618
801.244651	,	715.674835
777.907429	,	824.581875
917.930766	,	832.360949
723.453909	,	840.140024
894.593543	,	886.814469
777.907429	,	739.012058
762.34928	,	888.479191
807.359004	,	777.907429
715.674835	,	1086.956522
1065.217391	,	1021.73913
1086.47343	,	1111.111111
1041.545894	,	956.521739
1068.599034	,	1142.316785
1057.683215	,	1035.748792
1075.362319	,	1120.289855
1124.154589	,	1028.019324
978.26087	,	1043.478261
1105.797101	,	1089.855072
976.811594	,	914.492754
1000	,	1108.695652
1065.217391	,	956.521739
978.26087	,	1086.956522
1112.077295	,	1040.096618
978.26087	,	1000
1092.753623	,	1015.942029
961.835749	,	1016.425121
1065.217391	,	1043.478261
956.521739	,	873.913043
911.111111	,	997.584541
1043.478261	,	958.937198
1041.062802	,	1043.478261
1043.478261	,	1005.31401
994.68599	,	1027.536232
1059.42029	,	1021.73913
913.043478	,	1005.797101
1059.42029	,	1051.690821
991.78744	,	1043.478261
1130.434783	,	1034.299517
857.004831	,	742.995169
733.333333	,	828.019324
1149.758454	,	850.241546
847.826087	,	1065.217391
1086.956522	,	905.31401
833.816425	,	899.516908
1035.2657	,	826.086957
739.130435	,	760.869565
838.647343	,	922.222222
744.444444	,	733.333333
783.091787	,	804.347826
804.347826	,	674.879227
755.555556	,	743.478261
723.188406	,	755.072464
717.391304	,	652.173913
697.584541	,	666.666667
679.227053	,	717.391304
695.652174	,	673.913043
678.26087	,	711.111111
741.062802	,	836.714976
771.980676	,	673.913043
804.347826	,	804.347826
878.743961	,	795.169082
760.869565	,	821.73913
852.173913	,	847.826087
782.608696	,	739.613527
844.444444	,	785.507246
881.15942	,	814.492754
739.130435	,	760.869565
826.086957	,	926.086957
834.782609	,	739.130435
826.086957	,	888.888889
871.980676	,	794.68599
748.792271	,	760.869565
847.826087	,	847.826087
772.463768	,	727.536232
980.16	,	963.29
1081.3	,	1093.1
1081.3	,	1084.6
1089.1	,	1076.3
1003.5	,	1012.6
980.16	,	965.7
1034.6	,	1056.5
1019.1	,	1030.4
1003.5	,	978.26
894.59	,	891.3
894.59	,	869.57
956.83	,	963.77
1026.8	,	1044.4
1050.2	,	1057
987.94	,	1021.7
933.49	,	913.04
1019.1	,	985.99
1034.6	,	1035.7
1003.5	,	1000
956.83	,	964.25
995.72	,	1014
1042.4	,	1030.4
1034.6	,	1046.8
956.83	,	953.19
964.61	,	969.57
1058	,	1030.4
1073.5	,	1078.3
1042.4	,	1055.1
972.38	,	966.67
1003.5	,	1000
1034.6	,	1021.7
1042.4	,	1056
933.49	,	922.22
941.27	,	956.52
1019.1	,	1010.1
1019.1	,	1033.3
995.72	,	978.26
941.27	,	943.96
1011.3	,	1012.6
1065.7	,	1065.2
1034.6	,	1033.3
902.37	,	901.45
956.83	,	987.44
1058	,	1034.3
1073.5	,	1087
1003.5	,	978.26
1019.1	,	1033.8
1058	,	1031.4
1058	,	1065.2
1019.1	,	1014.5
980.16	,	1022.2
1058	,	1050.2
1019.1	,	1000
972.38	,	956.52
941.27	,	956.52
1026.8	,	1014.5
1112.4	,	1115.9
1019.1	,	1039.6
941.27	,	938.65
980.16	,	978.26
816.8	,	804.35
762.35	,	745.41
816.8	,	841.55
1182.4	,	1158.5
917.93	,	928.5
1135.7	,	1153.6
964.61	,	998.55
855.7	,	804.35
840.14	,	885.99
1042.4	,	1048.8
995.72	,	956.52
816.8	,	839.13
762.35	,	747.83
840.14	,	847.83
995.72	,	1004.3
840.14	,	843.48
739.01	,	717.39
801.24	,	826.09
840.14	,	813.04
840.14	,	839.13
676.78	,	717.39
715.67	,	673.91
785.69	,	782.61
739.01	,	764.73
816.8	,	800
739.01	,	739.61
676.78	,	660.39
723.45	,	752.66
723.45	,	717.39
731.23	,	717.39
746.79	,	739.13
692.34	,	695.65
661.22	,	666.67
700.12	,	681.16
661.22	,	696.62
684.56	,	688.89
715.67	,	701.45
700.12	,	698.55
653.44	,	666.67
669	,	678.26
707.9	,	695.65
785.69	,	760.87
777.91	,	782.61
723.45	,	727.05
669	,	664.25
746.79	,	760.87
777.91	,	797.1
879.04	,	855.07
762.35	,	782.61
700.12	,	695.65
855.7	,	826.09
840.14	,	869.57
879.04	,	837.68
777.91	,	792.75
700.12	,	718.36
871.26	,	866.67
886.81	,	893.24
855.7	,	826.09
777.91	,	782.61
777.91	,	786.96
863.48	,	886.96
956.83	,	935.27
840.14	,	822.22
676.78	,	742.51
816.8	,	790.82
824.58	,	839.61
910.15	,	891.3
824.58	,	826.09
777.91	,	760.87
777.91	,	793.24
661.221315	,	676.779463
676.779463	,	676.779464
661.221314	,	653.442241
637.884092	,	637.884091
661.221315	,	653.44224
661.221315	,	653.44224
676.779464	,	684.558537
692.337612	,	700.116686
676.779463	,	700.116686
754.570207	,	739.012057
739.012058	,	715.674834
692.337612	,	661.221315
661.221315	,	653.44224
637.884092	,	637.884092
661.221314	,	692.337612
801.244652	,	793.465578
754.570206	,	739.012057
700.116686	,	700.116686
637.884092	,	637.884092
614.546869	,	645.663166
692.337612	,	715.674835
762.34928	,	731.232983
715.674835	,	700.116686
661.221315	,	661.221314
676.779464	,	715.674834
731.232984	,	777.907429
739.012057	,	739.012058
715.674834	,	676.779464
676.779463	,	684.558537
715.674835	,	777.907429
739.012058	,	739.012057
754.570206	,	692.337612
684.558538	,	676.779463
695.647608	,	673.469467
700.116686	,	715.674835
684.558537	,	692.337612
676.779464	,	676.779463
661.221314	,	715.674835
762.349281	,	770.128354
739.012058	,	739.012057
700.116687	,	700.116686
700.116686	,	707.89576
723.453909	,	715.674835
676.779463	,	715.674835
676.779463	,	661.221315
661.221314	,	673.835084
695.281991	,	700.116687
661.221314	,	653.442241
637.884091	,	661.221315
637.884092	,	637.884092
637.884091	,	653.442241
661.221314	,	700.116687
676.779463	,	675.620381
639.043174	,	637.884092
661.221314	,	651.85142
662.812135	,	653.442241
622.325943	,	637.884092
653.44224	,	661.221315
676.779463	,	653.44224
637.884092	,	622.325943
637.884092	,	637.884092
642.672112	,	633.096072
614.546868	,	622.325944
614.546869	,	661.221314
653.442241	,	645.663166
637.884092	,	630.105017
598.98872	,	637.884092
622.325943	,	614.546869
623.422793	,	613.450019
598.988721	,	614.546869
603.014391	,	594.963049
595.036951	,	602.94049
598.98872	,	591.209646
622.325944	,	624.5352
651.232983	,	598.988721
614.546869	,	614.546868
606.767795	,	614.546869
614.546869	,	598.98872
598.988721	,	598.98872
587.856865	,	602.341501
606.767795	,	614.546869
614.546869	,	598.98872
598.988721	,	637.884091
625.935434	,	600
600	,	600
600	,	600
600	,	600
600	,	633.963438
598.988721	,	575.651497
575.651498	,	598.98872
652.173913	,	673.913043
687.439614	,	682.125604
652.173913	,	665.700483
638.647343	,	630.434783
673.913043	,	630.434783
652.173913	,	673.913043
656.038647	,	711.111111
676.328502	,	701.449275
688.888889	,	696.618357
739.130435	,	739.130435
739.130435	,	708.21256
704.830918	,	673.913043
665.700483	,	638.647343
630.434783	,	652.173913
652.173913	,	673.913043
819.323671	,	789.371981
743.961353	,	755.555556
717.874396	,	659.903382
666.183575	,	630.434783
630.434783	,	630.434783
673.913043	,	739.130435
740.57971	,	755.555556
699.516908	,	700.483092
688.888889	,	654.10628
673.913043	,	695.652174
717.391304	,	792.270531
751.207729	,	739.130435
709.661836	,	681.642512
673.913043	,	673.913043
717.391304	,	764.251208
755.555556	,	762.801932
726.086957	,	708.695652
695.652174	,	673.913043
673.913043	,	673.913043
695.652174	,	700.483092
711.111111	,	675.362319
702.415459	,	666.666667
674.396135	,	695.652174
760.869565	,	760.869565
752.657005	,	747.342995
697.101449	,	711.111111
700.483092	,	695.652174
717.391304	,	695.652174
701.932367	,	711.111111
695.652174	,	659.903382
666.183575	,	652.173913
695.652174	,	673.913043
673.913043	,	652.173913
652.657005	,	644.444444
644.444444	,	666.666667
630.917874	,	630.434783
673.913043	,	695.652174
657.971014	,	688.888889
653.140097	,	630.434783
652.173913	,	664.251208
661.835749	,	652.173913
630.434783	,	608.695652
673.913043	,	661.835749
664.251208	,	652.173913
639.130435	,	643.478261
630.434783	,	630.434783
630.434783	,	630.434783
634.782609	,	622.222222
612.560386	,	654.10628
666.666667	,	657.487923
631.400966	,	622.222222
609.929078	,	595.744681
627.659574	,	633.333333
622.222222	,	614.009662
586.956522	,	621.256039
600	,	600
605.200946	,	574.468085
607.770583	,	590.338164
644.444444	,	622.222222
621.256039	,	652.173913
586.956522	,	608.695652
619.806763	,	619.323671
608.695652	,	586.956522
586.956522	,	608.695652
589.371981	,	600
614.975845	,	630.434783
608.695652	,	590.338164
622.222222	,	613.52657
608.695652	,	630.434783
614.009662	,	622.222222
611.594203	,	586.956522
586.956522	,	614.492754
600	,	611.594203
586.956522	,	565.217391
586.956522	,	565.217391
637.88	,	614.01
614.55	,	644.44
637.88	,	654.59
661.22	,	630.43
692.34	,	695.65
739.01	,	717.39
700.12	,	724.15
692.34	,	710.63
684.56	,	652.17
653.44	,	659.42
637.88	,	666.67
637.88	,	630.43
637.88	,	630.43
637.88	,	630.43
661.22	,	652.17
676.78	,	678.74
676.78	,	688.89
676.78	,	675.85
676.78	,	679.71
676.78	,	688.89
661.22	,	653.14
653.44	,	635.75
637.88	,	666.67
645.66	,	632.37
637.88	,	630.43
637.88	,	630.43
653.44	,	652.17
700.12	,	699.03
715.67	,	733.33
700.12	,	698.07
676.78	,	679.71
700.12	,	711.11
661.22	,	652.66
637.88	,	630.43
637.88	,	630.43
622.33	,	630.43
637.88	,	630.43
661.22	,	630.43
653.44	,	706.28
684.56	,	666.67
637.88	,	666.67
637.88	,	634.3
661.22	,	630.43
637.88	,	652.17
622.33	,	616.43
614.55	,	622.22
637.88	,	630.92
645.66	,	630.43
653.44	,	673.91
661.22	,	630.43
645.66	,	656.52
637.88	,	644.44
637.88	,	633.82
622.33	,	610.63
622.33	,	644.44
614.55	,	614.49
622.33	,	608.7
637.88	,	652.17
661.22	,	652.17
676.78	,	673.91
684.56	,	673.91
637.88	,	657.97
661.22	,	644.44
622.33	,	666.67
614.55	,	617.87
637.88	,	608.7
622.33	,	608.7
598.99	,	631.4
645.66	,	622.22
653.44	,	659.42
661.23	,	652.17
661.21	,	652.17
637.88	,	652.17
622.33	,	608.7
637.88	,	642.03
598.99	,	618.84
622.33	,	608.7
637.88	,	639.13
622.33	,	643.48
676.78	,	652.17
676.78	,	695.65
684.56	,	652.17
653.44	,	673.91
661.22	,	660.39
622.33	,	643.96
622.33	,	608.7
614.55	,	614.01
622.33	,	622.22
637.88	,	633.33
661.22	,	652.17
637.88	,	630.43
637.88	,	652.17
645.66	,	631.88
614.55	,	644.44
637.88	,	636.71
622.33	,	608.7
637.88	,	643.48
661.22	,	660.87
637.88	,	630.43
637.88	,	642.03
645.66	,	640.58
598.99	,	608.7
614.55	,	608.7
622.33	,	608.7
614.55	,	630.43
622.33	,	608.7
622.33	,	608.7
613.97	,	618.84
599.56	,	598.55
622.33	,	630.43
661.22	,	659.9
676.78	,	687.92
661.22	,	652.17
637.88	,	652.17
637.88	,	630.43
661.22	,	652.17
661.22	,	658.45
637.88	,	644.44
598.99	,	622.22
622.33	,	591.3
598.99	,	608.7
598.99	,	622.22
622.33	,	611.82
614.55	,	595.74
622.33	,	605
598.99	,	609.66
622.33	,	622.22
661.22	,	666.67
614.55	,	622.22
622.33	,	631.4
622.33	,	613.04
614.55	,	622.22
598.99	,	612.56
622.33	,	608.7
622.33	,	608.7
614.55	,	630.43
622.33	,	608.7
614.55	,	608.7
622.33	,	611.11
622.33	,	644.44
637.88	,	635.75
637.88	,	630.92
625.67	,	622.22
634.54	,	616.43
598.99	,	608.7
598.99	,	608.7
598.99	,	608.7
622.33	,	608.7
622.33	,	593.24
598.99	,	622.22
614.55	,	610.63
606.77	,	633.82
637.88	,	622.22
637.88	,	657
637.88	,	608.7
622.33	,	630.43
637.88	,	630.43
598.99	,	608.7
637.88	,	620.29
622.33	,	640.58
637.88	,	630.43
645.66	,	662.32
637.88	,	642.03
637.88	,	630.43
637.88	,	630.43
637.88	,	630.43
645.66	,	652.17
622.33	,	636.71
614.55	,	600
622.33	,	611.11
575.65	,	586.96
598.99	,	608.7
606.77	,	593.24
598.99	,	622.22
598.99	,	588.89
598.99	,	588.89
598.99	,	600
598.99	,	615.46
614.55	,	630.43
622.33	,	608.7
622.33	,	608.7
622.33	,	630.43
630.11	,	617.39
622.33	,	621.74
637.88	,	630.43
941.267989	,	995.721509
956.826138	,	987.942435
1019.058732	,	964.605212
972.384286	,	1003.500583
980.163361	,	987.942435
1034.61688	,	1042.395955
1003.500584	,	1042.395955
1034.61688	,	1019.058732
1042.395955	,	1034.616881
1003.500583	,	1042.395955
1042.395955	,	1011.279658
1064.021781	,	1059.6655
1042.395955	,	1019.058732
1019.058732	,	964.605212
995.721509	,	1034.61688
987.942435	,	1003.500584
995.721509	,	980.16336
1003.500584	,	980.16336
956.826138	,	956.826138
964.605212	,	933.488915
956.826137	,	964.605212
917.930766	,	941.26799
995.721509	,	956.826137
917.930767	,	847.919097
910.151692	,	886.814469
956.826138	,	1019.058732
972.384286	,	964.605212
995.721509	,	987.942435
995.721509	,	1003.500584
1034.61688	,	1042.395955
1034.616881	,	1034.61688
941.26799	,	964.605212
1019.058732	,	995.721509
902.372617	,	972.384287
987.942434	,	980.163361
871.256321	,	886.814469
956.826137	,	980.163361
956.826138	,	941.267989
1003.500583	,	1042.395955
956.826138	,	956.826137
1026.837807	,	1042.395955
995.721509	,	956.826137
1042.395955	,	1042.395955
980.163361	,	941.267989
1003.500583	,	1019.058732
956.826138	,	941.267989
1003.500583	,	1019.058732
980.163361	,	1003.500583
1019.058733	,	1019.058732
980.16336	,	987.942435
1034.616881	,	1065.733177
1026.837807	,	1042.395954
1081.291327	,	1057.954103
1003.500584	,	1026.837806
1050.175029	,	1065.733178
1019.058732	,	1065.733178
1120.186697	,	1026.837807
964.605212	,	995.721509
1019.595488	,	1002.963827
964.605212	,	942.316785
985.990338	,	947.342995
987.439614	,	1034.782609
965.217391	,	978.26087
1000	,	967.63285
1010.628019	,	1033.816425
1031.400966	,	1000
1021.73913	,	1021.73913
1058.454106	,	1028.502415
1060.386473	,	983.091787
1043.478261	,	1021.73913
996.135266	,	1112.560386
1020.772947	,	1044.444444
1022.222222	,	1042.995169
956.521739	,	978.26087
1043.478261	,	1000.966184
1020.772947	,	978.26087
956.521739	,	1000
1021.73913	,	956.521739
977.294686	,	935.748792
913.043478	,	978.26087
956.521739	,	927.536232
942.028986	,	969.082126
965.700483	,	891.304348
891.304348	,	873.913043
930.434783	,	936.231884
1020.289855	,	979.710145
976.811594	,	978.26087
1000	,	956.521739
1043.478261	,	1021.73913
1023.188406	,	1063.768116
1000	,	956.521739
979.710145	,	998.550725
1001.449275	,	911.111111
978.743961	,	956.521739
956.521739	,	908.21256
896.135266	,	926.086957
986.956522	,	956.521739
956.521739	,	1011.111111
1032.36715	,	956.521739
966.666667	,	1033.333333
1033.333333	,	988.405797
956.521739	,	1021.73913
1077.777778	,	965.700483
945.410628	,	1011.111111
1021.73913	,	934.782609
943.478261	,	991.304348
1021.73913	,	986.956522
991.304348	,	1021.73913
1031.400966	,	990.338164
978.26087	,	1031.400966
1088.888889	,	998.58156
1033.302498	,	1123.671498
1066.666667	,	1005.31401
1000	,	1061.352657
1047.342995	,	1021.73913
1065.217391	,	1108.695652
1023.671498	,	998.067633
978.26087	,	1021.73913
978.26087	,	957.004831
925.70984	,	956.826138
964.605212	,	933.488915
941.267989	,	980.16336
964.605212	,	956.826138
964.605212	,	995.721509
956.826138	,	964.605212
980.16336	,	1019.058732
980.163361	,	995.721509
980.163361	,	1003.500583
980.163361	,	980.16336
917.930766	,	964.605212
972.384287	,	944.021781
977.409568	,	1003.500584
980.16336	,	1011.279658
987.942435	,	995.721509
995.721509	,	1019.058732
964.605212	,	987.942435
964.605212	,	941.267989
941.267989	,	956.826138
933.488915	,	925.70984
980.163361	,	956.826137
956.826138	,	956.826138
1003.500583	,	995.721509
956.826138	,	964.605212
956.826138	,	956.826137
917.930767	,	980.16336
956.826138	,	941.267989
956.826138	,	995.721509
995.721509	,	941.267989
964.605212	,	995.721509
972.384286	,	925.709841
941.267989	,	949.047064
902.372617	,	956.826138
980.16336	,	917.930767
879.035394	,	925.709841
933.488915	,	941.267989
902.372618	,	933.488914
917.930767	,	917.930766
902.372618	,	925.70984
917.930766	,	949.047064
886.814469	,	871.25632
902.372618	,	917.930766
941.267989	,	917.930767
917.930766	,	980.16336
972.384287	,	886.814469
879.035394	,	894.593544
886.814469	,	855.698172
816.8028	,	824.581875
871.256321	,	902.372617
879.035395	,	902.372618
933.488914	,	980.163361
980.163361	,	941.267989
1003.500583	,	980.163361
933.488915	,	886.814469
902.372617	,	894.593544
879.035394	,	840.140024
840.140023	,	894.593543
925.709841	,	941.267989
941.267989	,	995.721509
1019.058732	,	1003.500584
956.826137	,	1003.500584
1006.293271	,	930.696227
925.709841	,	917.930766
956.521739	,	956.521739
966.183575	,	903.381643
963.285024	,	971.497585
978.26087	,	939.130435
970.212766	,	985.34279
955.555556	,	997.584541
980.193237	,	998.067633
978.26087	,	1021.73913
934.782609	,	1000.483092
1023.232323	,	954.545455
955.555556	,	957.487923
934.782609	,	956.521739
995.652174	,	982.608696
1017.391304	,	982.608696
1000	,	1000
995.169082	,	1004.830918
972.94686	,	983.574879
971.980676	,	941.062802
922.294172	,	936.643026
945.410628	,	943.478261
969.565217	,	985.990338
948.792271	,	934.782609
1000	,	1005.31401
972.94686	,	938.164251
953.140097	,	956.521739
934.782609	,	956.521739
976.811594	,	936.231884
978.26087	,	996.618357
959.903382	,	934.782609
1000	,	971.980676
984.541063	,	926.570048
921.256039	,	967.63285
923.671498	,	934.782609
978.26087	,	918.84058
907.246377	,	870.531401
955.555556	,	934.782609
913.043478	,	934.782609
928.502415	,	919.323671
891.304348	,	944.927536
902.898551	,	956.521739
869.565217	,	871.014493
933.333333	,	913.043478
931.400966	,	894.68599
934.782609	,	956.521739
969.565217	,	900
855.555556	,	927.05314
895.169082	,	843.498818
808.510638	,	822.386679
881.15942	,	901.449275
876.328502	,	906.280193
938.164251	,	996.618357
956.521739	,	934.782609
1000.966184	,	999.033816
913.043478	,	910.144928
894.202899	,	891.304348
869.565217	,	833.816425
861.835749	,	893.719807
954.10628	,	913.043478
955.072464	,	960.283688
1061.938534	,	979.227053
934.782609	,	1019.323671
980.676329	,	952.657005
938.647343	,	891.304348
879.035395	,	879.035395
917.930766	,	840.140023
855.698172	,	863.477246
917.930767	,	879.035394
855.698172	,	785.686504
816.8028	,	816.802801
863.477246	,	879.035395
816.8028	,	777.907429
840.140023	,	917.930767
902.372617	,	879.035395
816.802801	,	902.372617
855.698172	,	879.035395
816.8028	,	785.686504
816.8028	,	879.035395
956.826138	,	879.035394
816.802801	,	863.477246
894.593543	,	879.035395
941.267989	,	840.140024
777.907429	,	816.8028
840.140024	,	879.035394
863.477247	,	917.930766
855.698172	,	762.34928
816.802801	,	879.035394
879.035395	,	917.930766
855.698172	,	824.581875
739.012058	,	840.140023
801.244652	,	879.035395
917.930766	,	855.698172
824.581875	,	879.035394
894.593544	,	902.372617
917.930767	,	816.8028
801.244652	,	816.8028
879.035395	,	840.140024
879.035394	,	855.698172
762.349281	,	715.674834
762.349281	,	840.140023
816.802801	,	816.8028
902.372618	,	956.826137
840.140024	,	816.8028
863.477246	,	894.593544
840.140023	,	816.802801
801.244652	,	879.035394
917.930767	,	801.244651
816.802801	,	816.8028
863.477247	,	855.698171
777.90743	,	777.907429
739.012057	,	816.802801
879.035394	,	840.140024
801.244652	,	777.907429
879.035394	,	840.140024
777.907429	,	754.570206
798.914819	,	819.132633
840.140024	,	801.244651
754.570207	,	801.244651
840.140024	,	816.8028
762.349281	,	777.907429
754.570206	,	824.581875
855.698172	,	777.907429
777.907429	,	801.244651
840.140024	,	879.035395
777.907429	,	754.570206
801.244652	,	777.907429
801.244652	,	739.012057
739.012058	,	777.907429
879.035394	,	816.802801
777.907429	,	801.244652
793.465577	,	840.140024
840.140023	,	840.140023
777.907429	,	840.140024
840.140023	,	879.035395
777.907429	,	754.570206
840.140023	,	817.298797
898.067633	,	928.019324
849.758454	,	822.222222
911.111111	,	916.908213
891.304348	,	826.086957
782.608696	,	805.31401
822.222222	,	894.202899
861.352657	,	812.560386
782.608696	,	847.826087
913.043478	,	910.628019
828.502415	,	847.826087
879.227053	,	881.642512
869.565217	,	826.086957
782.608696	,	817.874396
899.516908	,	922.705314
903.381643	,	829.951691
865.700483	,	891.304348
847.826087	,	934.782609
860.386473	,	791.78744
808.21256	,	843.961353
869.565217	,	869.565217
934.782609	,	804.347826
766.666667	,	866.666667
844.444444	,	891.78744
891.304348	,	891.304348
792.270531	,	772.94686
804.347826	,	804.347826
885.024155	,	919.323671
847.826087	,	804.347826
895.169082	,	887.439614
913.043478	,	932.850242
828.019324	,	816.425121
814.009662	,	847.826087
891.304348	,	826.086957
842.995169	,	765.700483
723.188406	,	820.289855
804.347826	,	804.347826
804.347826	,	913.043478
942.512077	,	861.835749
804.830918	,	866.666667
893.719807	,	826.086957
804.347826	,	809.178744
908.21256	,	891.78744
844.444444	,	785.507246
804.347826	,	847.826087
873.429952	,	800
761.352657	,	771.980676
793.236715	,	891.304348
782.608696	,	799.516908
830.917874	,	869.565217
847.826087	,	785.024155
755.555556	,	763.768116
836.231884	,	859.42029
782.608696	,	760.869565
782.608696	,	836.714976
837.198068	,	740.57971
777.777778	,	785.990338
804.347826	,	847.826087
761.835749	,	800
829.468599	,	837.198068
858.454106	,	760.869565
760.869565	,	782.608696
782.608696	,	787.922705
755.555556	,	760.869565
794.68599	,	835.748792
830.917874	,	799.054374
765.957447	,	812.765957
856.521739	,	832.36715
819.806763	,	782.608696
842.028986	,	853.623188
847.826087	,	782.608696
782.608696	,	822.222222
777.907429	,	715.674835
762.34928	,	637.884092
1034.61688	,	1057.954104
980.16336	,	917.930767
995.721509	,	980.16336
956.826138	,	980.163361
855.698171	,	777.907429
739.012058	,	777.907429
879.035395	,	956.826138
956.826137	,	956.826138
855.698172	,	777.907429
762.34928	,	816.802801
855.698172	,	980.16336
972.384287	,	941.267989
855.698172	,	816.8028
777.907429	,	855.698172
917.930766	,	941.267989
816.802801	,	855.698172
801.244652	,	894.593543
956.826138	,	941.267989
894.593543	,	816.802801
816.8028	,	941.267989
917.930766	,	972.384287
902.372617	,	816.802801
855.698172	,	956.826137
1019.058732	,	980.163361
917.930766	,	816.802801
855.698172	,	855.698171
917.930767	,	980.16336
917.930767	,	855.698171
840.140024	,	894.593543
917.930766	,	956.826138
917.930766	,	879.035395
777.907429	,	855.698172
816.802801	,	816.8028
879.035395	,	1019.058732
933.488915	,	879.035394
840.140024	,	917.930766
933.488915	,	863.477246
832.360949	,	879.035395
917.930766	,	840.140023
832.360949	,	801.244652
879.035395	,	855.698172
777.907429	,	840.140023
855.698172	,	879.035395
879.035395	,	855.698172
700.116686	,	793.465578
801.244651	,	855.698172
777.907429	,	801.244652
816.802801	,	816.8028
816.802801	,	762.34928
770.128355	,	863.477246
879.035395	,	871.25632
762.349281	,	855.698172
801.244652	,	832.360949
840.140023	,	801.244652
793.465577	,	777.907429
801.244652	,	832.360949
840.140024	,	661.221314
855.698172	,	816.802801
801.244652	,	801.244651
676.779464	,	816.8028
816.802801	,	801.244652
715.674834	,	739.012058
739.012057	,	739.012058
816.8028	,	762.349281
731.232983	,	801.244652
762.34928	,	816.802801
777.907429	,	739.012057
777.90743	,	776.811594
739.130435	,	740.118577
855.050505	,	839.613527
1049.275362	,	994.202899
934.782609	,	956.521739
1003.381643	,	953.140097
957.971014	,	844.444444
806.280193	,	760.869565
782.608696	,	850.241546
997.584541	,	913.52657
933.333333	,	848.792271
804.347826	,	760.869565
804.347826	,	892.753623
955.072464	,	978.26087
955.555556	,	848.792271
795.652174	,	791.304348
869.565217	,	891.304348
914.492754	,	888.888889
805.31401	,	839.130435
900	,	934.782609
913.043478	,	869.565217
804.830918	,	911.111111
911.111111	,	938.164251
934.782609	,	869.565217
826.086957	,	898.067633
949.758454	,	961.352657
1016.908213	,	891.304348
847.826087	,	826.086957
906.763285	,	941.062802
970.048309	,	899.516908
826.086957	,	852.173913
908.695652	,	934.782609
913.043478	,	976.811594
827.536232	,	816.908213
835.2657	,	826.086957
826.086957	,	891.304348
978.26087	,	976.328502
849.758454	,	861.352657
899.516908	,	934.782609
847.826087	,	828.985507
888.405797	,	913.043478
865.217391	,	808.695652
813.52657	,	860.386473
869.565217	,	804.347826
804.347826	,	847.826087
880.193237	,	888.888889
774.396135	,	782.608696
804.347826	,	804.347826
804.347826	,	785.507246
822.222222	,	805.31401
839.130435	,	813.043478
782.608696	,	760.869565
826.086957	,	884.057971
855.072464	,	833.816425
796.618357	,	847.826087
826.086957	,	804.347826
814.009662	,	772.94686
826.086957	,	826.086957
797.101449	,	768.115942
765.217391	,	800
804.347826	,	826.086957
717.391304	,	785.507246
822.222222	,	783.574879
794.202899	,	749.275362
717.391304	,	760.869565
760.869565	,	789.371981
754.10628	,	739.130435
773.429952	,	791.78744
804.347826	,	760.869565
760.869565	,	760.869565
622.325943	,	591.209646
637.884092	,	606.767794
637.884092	,	692.337612
700.116686	,	723.453909
754.570206	,	840.140024
816.8028	,	832.360949
809.023726	,	871.256321
801.244652	,	777.907429
754.570206	,	801.244652
770.128355	,	824.581874
793.465578	,	723.453909
770.128355	,	801.244651
754.570207	,	739.012057
793.465578	,	777.907429
902.372617	,	840.684559
738.467522	,	809.023727
762.34928	,	715.674835
754.570206	,	700.116686
676.779463	,	661.221315
692.337612	,	801.244652
754.570206	,	917.930766
754.570206	,	739.012058
715.674834	,	801.244652
801.244652	,	669.000389
801.244652	,	731.232983
801.244652	,	754.570206
723.453909	,	653.442241
692.337611	,	700.116687
863.477246	,	816.8028
777.907429	,	816.802801
752.333722	,	819.039284
816.802801	,	816.8028
754.570206	,	739.012058
684.558538	,	715.674834
793.465578	,	762.34928
739.012058	,	754.570206
793.465578	,	801.244651
832.360949	,	824.581875
770.128355	,	801.244652
754.570206	,	762.34928
777.907429	,	707.895761
645.663166	,	622.325943
754.570206	,	754.570206
637.884092	,	692.337612
692.337612	,	847.919097
754.570207	,	696.21548
774.02956	,	606.767795
777.907429	,	793.465578
739.012057	,	723.453909
754.570206	,	809.023727
777.907429	,	739.012057
661.221315	,	754.570206
739.012058	,	723.453909
793.465577	,	661.221315
746.791132	,	707.89576
731.232983	,	801.244652
715.674835	,	700.116686
676.779463	,	653.442241
684.558537	,	676.779463
676.779464	,	637.884091
575.651498	,	622.325943
731.232983	,	762.349281
715.674835	,	754.570206
777.907429	,	816.8028
855.698172	,	917.930766
614.546869	,	700.116686
739.012058	,	739.012058
754.570206	,	676.779463
661.221315	,	661.221314
614.546869	,	754.570206
762.349281	,	715.674834
598.988721	,	653.44224
622.325943	,	692.337612
676.779463	,	669.000389
591.209646	,	598.988721
622.325943	,	614.546869
700.116686	,	700.116686
614.546869	,	622.325943
653.442241	,	718.467522
775.114741	,	700.116686
637.884092	,	622.325943
608.233117	,	635.2657
622.222222	,	633.816425
655.072464	,	666.666667
678.26087	,	739.130435
760.869565	,	826.086957
795.652174	,	856.521739
832.36715	,	841.545894
826.086957	,	754.589372
788.888889	,	782.608696
804.347826	,	782.608696
797.101449	,	768.115942
742.995169	,	777.777778
740.096618	,	739.130435
782.608696	,	826.086957
847.826087	,	842.028986
810.144928	,	745.410628
776.328502	,	739.130435
760.869565	,	673.913043
652.173913	,	686.47343
704.830918	,	761.835749
822.222222	,	807.246377
760.869565	,	739.130435
760.869565	,	782.608696
815.942029	,	727.536232
761.352657	,	755.555556
777.777778	,	770.531401
695.652174	,	673.913043
695.652174	,	717.391304
804.347826	,	820.289855
810.144928	,	789.855072
797.101449	,	782.608696
826.086957	,	804.347826
745.410628	,	732.850242
717.391304	,	749.758454
750.241546	,	760.869565
739.130435	,	760.869565
766.666667	,	820.289855
847.826087	,	842.995169
765.700483	,	782.608696
739.130435	,	760.869565
739.130435	,	679.227053
688.888889	,	675.362319
724.637681	,	731.884058
652.173913	,	682.608696
665.217391	,	869.565217
760.869565	,	717.391304
675.845411	,	733.333333
742.995169	,	812.560386
730.917874	,	717.391304
760.869565	,	782.608696
804.347826	,	717.391304
730.917874	,	688.888889
754.10628	,	717.391304
760.869565	,	717.391304
695.652174	,	739.130435
748.792271	,	772.94686
739.130435	,	710.144928
659.42029	,	652.173913
710.628019	,	672.813239
617.021277	,	643.498818
600	,	666.666667
676.328502	,	782.608696
741.062802	,	755.555556
764.251208	,	826.086957
826.086957	,	805.797101
733.333333	,	743.478261
717.391304	,	739.130435
733.333333	,	657.971014
630.434783	,	673.913043
673.913043	,	719.323671
777.777778	,	676.811594
634.299517	,	666.666667
633.816425	,	673.913043
673.913043	,	640.57971
598.550725	,	608.695652
637.198068	,	644.444444
696.618357	,	630.434783
630.434783	,	642.512077
661.835749	,	717.391304
760.869565	,	673.913043
652.657005	,	644.444444
661.22	,	661.94
598.99	,	618.36
622.33	,	652.17
661.22	,	662.8
700.12	,	706.76
661.22	,	652.17
707.9	,	695.65
715.67	,	717.39
723.45	,	717.39
739.01	,	755.07
739.01	,	766.67
762.35	,	739.13
801.24	,	760.87
707.9	,	711.11
731.23	,	777.78
707.9	,	702.6
739.01	,	702.13
723.45	,	715.08
739.01	,	746.86
723.45	,	733.33
739.01	,	711.11
700.12	,	765.22
777.91	,	790.34
824.58	,	818.36
824.58	,	804.35
801.24	,	782.61
777.91	,	804.35
801.24	,	782.61
801.24	,	785.51
723.45	,	777.78
749.58	,	719.32
627.32	,	636.23
661.22	,	644.44
637.88	,	654.11
707.9	,	673.91
715.67	,	717.39
801.24	,	760.87
700.12	,	749.28
762.35	,	794.2
840.14	,	805.8
840.14	,	866.67
863.48	,	871.01
879.04	,	826.09
801.24	,	804.35
782.26	,	831.88
820.23	,	842.03
840.14	,	804.35
762.35	,	753.62
801.24	,	789.86
777.91	,	760.87
777.91	,	782.61
777.91	,	804.35
762.35	,	717.39
746.79	,	767.15
777.91	,	798.07
785.69	,	804.35
777.91	,	753.14
801.24	,	790.34
801.24	,	831.88
840.14	,	776.81
749.04	,	782.61
837.89	,	826.09
762.35	,	782.61
785.69	,	787.44
777.91	,	755.56
715.67	,	717.87
746.79	,	748.79
739.01	,	751.21
770.13	,	804.35
816.8	,	782.61
762.35	,	739.13
785.69	,	782.61
801.24	,	806.76
777.91	,	777.78
746.79	,	741.55
684.56	,	747.34
715.67	,	687.44
707.9	,	717.39
801.24	,	782.61
801.24	,	804.35
777.91	,	763.77
645.66	,	655.07
676.78	,	711.11
785.69	,	764.25
723.45	,	702.42
637.88	,	666.67
661.22	,	674.4
661.22	,	652.17
746.79	,	695.65
684.56	,	695.65
666.22	,	682.13
648.45	,	622.22
622.33	,	652.17
661.22	,	658.94
700.12	,	732.37
762.35	,	739.13
723.45	,	673.91
637.88	,	652.17
707.9	,	717.39
700.12	,	707.25
801.24	,	792.75
739.01	,	739.13
700.12	,	695.65
606.77	,	639.13
676.78	,	665.22
684.56	,	673.91
700.12	,	717.39
700.12	,	699.03
645.66	,	644.44
661.22	,	656.52
637.88	,	654.59
723.45	,	733.33
762.35	,	699.03
692.34	,	739.13
707.9	,	673.91
661.22	,	695.65
715.67	,	725.6
809.02	,	752.66
739.01	,	782.61
762.35	,	739.13
676.78	,	681.16
762.35	,	775.36
762.35	,	739.13
777.91	,	782.61
731.23	,	739.13
715.67	,	697.1
715.67	,	755.56
715.67	,	699.52
746.79	,	767.15
762.35	,	732.85
676.78	,	695.65
723.45	,	704.83
700.12	,	747.99
754.57	,	702.13
746.79	,	749.88
700.12	,	703.86
661.22	,	630.43
637.88	,	673.91
661.22	,	658.45
684.56	,	688.89
715.67	,	696.14
684.56	,	703.86
645.66	,	665.7
700.12	,	695.65
715.67	,	695.65
801.24	,	787.44
762.35	,	799.52
715.67	,	695.65
707.9	,	727.05
700.12	,	685.99
762.35	,	739.13
762.35	,	782.61
715.67	,	717.39
661.22	,	652.17
684.56	,	695.65
723.45	,	727.05
754.57	,	729.47
707.9	,	717.39
692.34	,	686.47
622.33	,	639.61
661.22	,	652.17
894.593544	,	879.035394
871.256321	,	847.919098
832.360949	,	855.698172
886.814469	,	863.477246
871.25632	,	902.372618
941.267989	,	941.267989
910.151692	,	917.930766
863.477247	,	824.581874
855.698172	,	801.244652
871.256321	,	941.267989
917.930766	,	949.047063
894.593544	,	871.25632
894.593544	,	886.814469
886.814469	,	840.140023
863.477246	,	902.372618
855.698172	,	886.814469
847.919098	,	809.023726
840.140023	,	824.581875
816.8028	,	863.477247
855.698172	,	886.814469
879.035394	,	879.035395
871.256321	,	832.360949
832.360949	,	824.581875
809.023726	,	824.581874
855.698172	,	847.919098
879.035395	,	863.477246
884.554648	,	857.957993
902.372618	,	886.814469
847.919097	,	855.698172
840.140024	,	879.035394
855.698172	,	855.698172
871.256321	,	832.360949
879.035395	,	871.25632
863.477246	,	855.698172
871.256321	,	879.035394
840.140024	,	785.686503
754.570206	,	676.779464
793.465577	,	809.023726
777.907429	,	793.465578
692.337612	,	715.674834
756.238818	,	760.680669
754.570206	,	700.116686
762.349281	,	770.128354
777.907429	,	770.128355
692.337612	,	723.453909
746.791132	,	746.791132
762.34928	,	715.674835
700.116686	,	762.34928
762.349281	,	777.907429
723.453909	,	707.89576
777.907429	,	785.686504
801.244651	,	762.349281
700.116686	,	692.337612
785.686503	,	785.686503
762.349281	,	731.232983
692.337612	,	735.71373
765.647608	,	762.34928
676.779464	,	746.791131
762.349281	,	739.012057
723.453909	,	731.232984
676.779463	,	676.779463
739.012058	,	739.012057
731.232984	,	692.337611
676.779464	,	723.453909
715.674834	,	746.791132
700.116686	,	723.453909
739.012058	,	746.791132
731.232983	,	700.116686
715.674835	,	731.232983
707.895761	,	707.89576
692.337612	,	692.337612
707.89576	,	715.674835
715.674834	,	700.116686
723.453909	,	715.674835
893.236715	,	866.666667
870.531401	,	862.801932
821.749409	,	844.917258
905.31401	,	850.241546
888.888889	,	891.304348
956.521739	,	929.951691
917.874396	,	891.304348
869.565217	,	832.36715
863.285024	,	804.347826
887.922705	,	916.425121
934.782609	,	913.043478
902.415459	,	901.932367
875.845411	,	885.024155
891.304348	,	826.086957
869.565217	,	928.019324
832.850242	,	900.483092
838.647343	,	805.797101
844.444444	,	828.019324
826.086957	,	826.086957
869.565217	,	872.463768
888.405797	,	891.304348
864.7343	,	852.657005
826.086957	,	826.086957
784.057971	,	844.444444
828.019324	,	883.091787
856.038647	,	869.565217
869.565217	,	849.275362
933.333333	,	869.565217
863.768116	,	831.884058
847.826087	,	869.565217
850.724638	,	888.405797
847.826087	,	847.826087
882.608696	,	878.26087
855.072464	,	884.057971
847.826087	,	891.304348
804.347826	,	816.908213
748.309179	,	673.913043
782.608696	,	795.169082
813.52657	,	782.608696
695.652174	,	695.652174
745.89372	,	775.845411
760.869565	,	707.729469
770.531401	,	739.130435
760.869565	,	804.347826
658.454106	,	732.850242
739.130435	,	772.463768
727.536232	,	717.391304
739.130435	,	760.869565
743.961353	,	799.516908
717.391304	,	705.31401
772.94686	,	782.608696
800	,	786.956522
695.652174	,	695.652174
739.130435	,	739.130435
787.922705	,	777.777778
711.111111	,	723.188406
717.391304	,	782.608696
695.652174	,	739.130435
719.806763	,	755.555556
720.289855	,	746.376812
666.666667	,	695.652174
717.391304	,	739.130435
739.130435	,	708.695652
682.608696	,	695.652174
732.850242	,	745.410628
676.811594	,	733.333333
763.768116	,	739.130435
717.391304	,	695.652174
717.391304	,	722.222222
755.555556	,	688.888889
681.15942	,	695.652174
695.652174	,	695.652174
717.391304	,	717.391304
708.21256	,	770.048309
863.48	,	881.8
894.59	,	851.54
863.48	,	880.19
910.15	,	897.58
910.15	,	906.76
925.71	,	934.78
902.37	,	891.79
840.14	,	866.67
832.36	,	806.76
832.36	,	826.09
886.81	,	891.3
972.38	,	964.73
956.83	,	970.05
956.83	,	941.06
941.27	,	971.98
925.71	,	891.3
933.49	,	978.26
910.15	,	869.57
886.81	,	844.44
824.58	,	872.95
832.36	,	838.16
847.92	,	857.49
886.81	,	847.83
933.49	,	956.52
871.26	,	871.5
879.04	,	906.76
863.48	,	875.85
879.04	,	869.57
855.7	,	847.83
855.7	,	851.21
824.58	,	822.22
871.26	,	891.79
894.59	,	908.21
847.92	,	830.92
871.26	,	880.19
816.8	,	793.72
777.91	,	804.35
824.58	,	826.09
832.36	,	804.35
801.24	,	826.09
871.26	,	834.3
902.37	,	904.83
902.37	,	939.61
886.81	,	864.73
894.59	,	913.04
840.14	,	826.09
863.48	,	869.57
863.48	,	859.9
855.7	,	835.75
809.02	,	830.92
840.14	,	843
879.04	,	913.04
894.59	,	847.83
902.37	,	891.3
894.59	,	927.05
902.37	,	855.56
902.37	,	934.78
863.48	,	876.33
902.37	,	819.32
886.81	,	956.52
925.71	,	956.52
941.27	,	913.04
925.71	,	910.14
855.7	,	872.46
824.58	,	838.65
762.35	,	748.31
715.67	,	696.14
731.23	,	777.78
941.27	,	830.43
910.15	,	1000
762.35	,	760.87
832.36	,	827.54
816.8	,	826.09
727.36	,	679.71
703.99	,	711.11
762.35	,	674.4
824.58	,	913.04
816.8	,	812.56
746.79	,	730.92
700.12	,	695.65
746.79	,	760.87
801.24	,	834.78
816.8	,	773.91
754.57	,	760.87
707.9	,	717.39
762.35	,	804.35
723.45	,	652.17
700.12	,	768.6
723.45	,	709.66
785.69	,	804.35
770.13	,	760.87
723.45	,	739.13
700.12	,	697.1
746.79	,	688.89
777.91	,	831.4
801.24	,	790.82
754.57	,	752.66
707.9	,	717.39
692.34	,	673.91
746.79	,	744.93
777.91	,	798.55
801.24	,	804.35
783.47	,	782.61
717.89	,	717.39
762.35	,	719.32
777.91	,	822.22
832.36	,	806.28
785.69	,	815.94
715.67	,	727.54
746.79	,	760.87
746.79	,	717.39
832.36	,	826.09
832.36	,	812.56
777.91	,	774.4
754.57	,	739.13
762.35	,	819.81
785.69	,	745.41
754.57	,	760.87
715.67	,	717.39
715.67	,	717.39
739.01	,	747.83
754.57	,	730.43
762.35	,	782.61
731.23	,	731.4
707.9	,	681.64
715.67	,	739.13
746.79	,	717.39
731.23	,	717.39
715.67	,	744.44
684.56	,	688.89
723.45	,	718.84
777.91	,	792.27
809.02	,	816.43
764.01	,	804.35
760.68	,	717.39
707.9	,	728.5
762.35	,	771.5
871.25632	,	832.360949
785.686504	,	824.581874
801.244652	,	754.570206
692.337612	,	700.116686
684.558538	,	684.558537
684.558538	,	692.337612
746.791132	,	809.023726
731.232983	,	700.116686
731.232983	,	801.244652
762.349281	,	700.116686
746.791132	,	777.907429
863.477246	,	809.023726
770.128355	,	723.453909
824.581875	,	832.360949
863.477246	,	731.232983
770.128355	,	840.140023
886.814469	,	801.244652
762.349281	,	770.128354
816.802801	,	886.814469
809.023726	,	809.023726
809.023726	,	894.593544
824.581875	,	762.34928
777.907429	,	801.244652
809.023726	,	770.128355
754.570206	,	816.8028
855.698172	,	863.477247
785.686503	,	723.453909
700.116686	,	754.570206
863.477246	,	816.802801
754.570206	,	739.012057
777.907429	,	832.36095
809.023726	,	863.477246
956.826138	,	910.151692
902.372617	,	777.907429
801.244652	,	723.453909
847.919098	,	917.930766
801.244652	,	847.919097
832.36095	,	863.477246
777.907429	,	723.453909
785.686503	,	840.140023
949.047064	,	754.570206
809.023726	,	933.488915
917.930766	,	902.372618
801.244652	,	863.477246
941.267989	,	840.140023
847.919098	,	824.581875
980.16336	,	972.384287
902.372617	,	816.802801
832.360949	,	917.930766
886.814469	,	770.128355
754.570206	,	762.34928
863.477247	,	824.581874
793.465578	,	785.686503
847.919098	,	933.488915
886.814469	,	840.140023
754.570206	,	832.360949
902.372618	,	844.562427
765.705951	,	777.907429
879.035395	,	879.035395
770.128354	,	754.570206
785.686504	,	855.698172
1019.058732	,	793.465577
785.686504	,	816.8028
879.035395	,	933.488915
770.128354	,	777.907429
777.907429	,	925.709841
894.593543	,	762.349281
754.570206	,	809.023726
917.930766	,	871.256321
816.8028	,	793.465578
855.698172	,	902.372617
824.581875	,	777.907429
793.465578	,	826.086957
826.086957	,	782.608696
814.009662	,	859.903382
695.652174	,	733.333333
679.710145	,	695.652174
673.913043	,	652.173913
698.550725	,	777.777778
784.541063	,	739.130435
698.550725	,	755.555556
763.285024	,	792.270531
707.729469	,	739.130435
782.608696	,	826.086957
833.333333	,	753.623188
739.130435	,	818.357488
855.555556	,	804.347826
760.869565	,	782.608696
841.062802	,	876.328502
812.560386	,	774.396135
760.869565	,	820.289855
897.101449	,	782.608696
804.347826	,	826.086957
869.565217	,	820.289855
766.666667	,	788.888889
819.806763	,	804.347826
775.845411	,	745.89372
804.347826	,	869.565217
826.086957	,	798.550725
701.449275	,	742.995169
777.777778	,	827.05314
839.613527	,	747.342995
739.130435	,	760.869565
847.826087	,	793.719807
880.193237	,	934.782609
940.57971	,	907.246377
782.608696	,	739.130435
760.869565	,	832.36715
906.763285	,	848.792271
822.222222	,	850.724638
860.386473	,	770.048309
717.391304	,	782.608696
869.565217	,	860.386473
813.52657	,	830.917874
929.951691	,	913.043478
869.565217	,	826.086957
869.565217	,	925.120773
857.487923	,	831.400966
864.251208	,	957.971014
976.811594	,	869.565217
826.086957	,	847.826087
924.154589	,	880.193237
764.251208	,	755.555556
784.541063	,	847.826087
826.086957	,	785.990338
777.777778	,	871.014493
928.985507	,	875.362319
804.347826	,	782.608696
804.347826	,	913.043478
864.7343	,	765.700483
789.855072	,	862.318841
871.014493	,	777.777778
764.251208	,	782.608696
869.565217	,	934.782609
826.570048	,	800
844.444444	,	876.811594
891.304348	,	782.608696
760.869565	,	826.086957
928.985507	,	853.623188
790.821256	,	752.657005
804.347826	,	909.661836
894.68599	,	794.202899
814.492754	,	826.086957
934.782609	,	804.347826
775.845411	,	811.111111
715.674835	,	692.337611
692.337612	,	746.791132
824.581875	,	809.023726
715.674835	,	793.465577
785.686504	,	863.477246
809.023726	,	824.581875
832.360949	,	847.919097
746.791132	,	777.907429
832.360949	,	770.128355
770.128355	,	770.128355
840.140023	,	879.035395
847.919097	,	801.244652
824.581875	,	879.035395
863.477246	,	774.03345
774.002334	,	809.023726
809.023726	,	785.686503
816.802801	,	801.244652
879.035395	,	832.360949
777.907429	,	809.023726
785.686503	,	832.360949
824.581875	,	770.128355
785.686503	,	824.581875
855.698172	,	762.34928
754.570206	,	793.465578
824.581875	,	793.465577
746.791132	,	707.89576
777.907429	,	855.698172
832.360949	,	809.023727
839.054842	,	864.562427
847.919098	,	777.907429
785.686503	,	824.581875
809.023726	,	739.012058
809.023726	,	863.477246
793.465577	,	855.698172
879.035395	,	840.140024
832.360949	,	847.919097
840.140024	,	762.34928
801.244652	,	770.128355
793.465577	,	886.814469
941.267989	,	879.035395
809.023726	,	816.802801
933.488915	,	949.047063
827.378452	,	782.889926
770.128355	,	840.140023
894.593544	,	754.570206
723.453909	,	770.128354
902.372618	,	941.267989
863.477246	,	762.349281
832.360949	,	941.267989
809.023726	,	793.465578
723.453909	,	855.698172
933.488914	,	855.698172
801.244652	,	785.686504
917.930766	,	941.267989
793.465578	,	770.128354
824.581875	,	902.372618
893.492804	,	794.566317
754.570206	,	840.140023
910.151692	,	840.140023
809.023727	,	754.570206
801.244652	,	855.698172
801.244651	,	746.791132
707.895761	,	777.907429
847.919097	,	847.919098
777.907429	,	731.232983
902.372618	,	956.826138
847.919097	,	770.128355
793.465578	,	824.581874
863.477246	,	746.791132
785.686504	,	723.453909
824.581874	,	871.793077
769.591599	,	746.791131
762.349281	,	739.130435
731.884058	,	659.42029
739.130435	,	826.086957
819.806763	,	723.671498
739.130435	,	804.347826
928.715875	,	745.197169
826.086957	,	877.294686
822.222222	,	755.555556
784.057971	,	804.347826
782.608696	,	760.869565
760.869565	,	885.024155
875.845411	,	813.043478
795.652174	,	847.826087
869.565217	,	847.826087
772.463768	,	814.492754
785.507246	,	822.222222
783.574879	,	794.202899
807.092199	,	876.965772
827.05314	,	800
764.251208	,	791.304348
882.608696	,	806.280193
755.555556	,	785.990338
847.826087	,	847.826087
740.57971	,	777.777778
785.990338	,	836.231884
794.202899	,	717.391304
739.130435	,	760.869565
855.072464	,	840.57971
804.347826	,	843.961353
873.429952	,	804.347826
788.888889	,	819.806763
804.347826	,	782.608696
760.869565	,	810.144928
863.768116	,	804.347826
865.217391	,	873.913043
826.086957	,	826.086957
851.690821	,	843.961353
760.869565	,	817.391304
769.565217	,	785.990338
887.922705	,	956.521739
847.826087	,	826.086957
814.975845	,	945.89372
934.782609	,	808.21256
777.777778	,	805.31401
826.086957	,	847.826087
787.439614	,	733.333333
783.574879	,	883.091787
942.995169	,	857.004831
795.169082	,	804.347826
934.782609	,	826.086957
772.94686	,	748.792271
826.086957	,	936.231884
866.666667	,	784.057971
804.347826	,	922.705314
925.120773	,	804.347826
760.869565	,	820.772947
918.357488	,	903.864734
770.048309	,	760.869565
826.086957	,	913.043478
863.285024	,	767.149758
760.869565	,	805.31401
866.666667	,	806.280193
749.275362	,	728.985507
760.869565	,	847.826087
826.086957	,	791.78744
751.690821	,	848.309179
999.516908	,	847.826087
760.869565	,	782.608696
831.400966	,	864.251208
760.869565	,	752.657005
769.082126	,	808.695652
886.956522	,	782.608696
717.391304	,	760.869565
1019.058732	,	925.709841
917.930766	,	894.593543
1003.500584	,	941.267989
910.151692	,	902.372617
917.930767	,	995.721509
1011.279657	,	980.163361
879.035395	,	886.814469
956.826137	,	933.488915
917.930767	,	879.035394
824.581875	,	925.709841
987.942434	,	964.605212
925.709841	,	847.919098
793.465577	,	933.488915
1003.500583	,	1011.279658
894.593544	,	879.035394
949.047064	,	1003.500583
1003.500584	,	840.140023
964.605212	,	956.826138
933.488914	,	956.826138
824.581875	,	964.605212
1034.61688	,	1034.616881
894.593543	,	987.942435
956.826138	,	964.605212
879.035395	,	832.360949
933.488915	,	917.930766
886.814469	,	879.035395
956.826137	,	987.942435
902.372618	,	941.267989
925.709841	,	917.930766
832.360949	,	840.140023
886.814469	,	980.163361
910.151692	,	902.372617
925.709841	,	933.488915
917.930766	,	840.140023
917.930767	,	917.930766
809.023726	,	816.8028
910.151692	,	925.709841
863.477246	,	840.140023
847.919098	,	995.721509
886.814469	,	871.256321
801.244652	,	1019.058732
964.605212	,	847.919097
824.581875	,	902.372618
1050.175029	,	809.023726
793.465578	,	894.593543
980.163361	,	925.70984
832.360949	,	832.360949
910.151692	,	941.267989
871.256321	,	847.919097
871.256321	,	956.826138
941.267989	,	847.919097
832.360949	,	972.384287
941.267989	,	894.593543
816.802801	,	902.372617
972.384287	,	871.25632
824.581875	,	809.023726
956.826138	,	1011.279657
871.256321	,	886.814469
902.372618	,	995.721509
910.151692	,	840.140023
949.047063	,	956.826138
980.163361	,	879.035394
793.465578	,	949.047063
1004.03734	,	862.94049
809.023726	,	925.709841
980.676329	,	954.10628
891.304348	,	932.36715
958.937198	,	956.521739
913.043478	,	882.608696
921.73913	,	1000
989.371981	,	988.888889
900	,	897.87234
924.349882	,	929.951691
914.492754	,	911.111111
826.570048	,	928.985507
1005.797101	,	956.521739
891.304348	,	857.487923
816.425121	,	934.782609
982.125604	,	996.135266
934.782609	,	847.826087
956.521739	,	998.067633
980.193237	,	886.47343
939.613527	,	993.719807
919.323671	,	891.304348
847.826087	,	985.990338
1035.748792	,	1053.140097
946.859903	,	913.043478
978.26087	,	956.521739
849.758454	,	888.888889
913.52657	,	908.695652
895.652174	,	869.565217
934.782609	,	988.888889
924.154589	,	942.512077
927.05314	,	895.169082
865.700483	,	826.086957
891.304348	,	956.521739
927.05314	,	877.294686
967.149758	,	924.154589
869.565217	,	891.304348
934.782609	,	869.565217
843.961353	,	808.21256
902.898551	,	944.927536
826.086957	,	804.347826
913.52657	,	977.777778
891.304348	,	842.028986
853.623188	,	978.26087
968.115942	,	857.971014
826.086957	,	915.942029
931.884058	,	891.304348
826.086957	,	884.057971
963.768116	,	956.521739
804.347826	,	830.917874
955.555556	,	952.657005
847.826087	,	847.826087
869.565217	,	956.521739
903.381643	,	879.227053
809.661836	,	951.207729
982.125604	,	909.178744
804.347826	,	913.043478
934.782609	,	869.565217
813.52657	,	838.647343
939.130435	,	1017.391304
891.304348	,	847.826087
934.782609	,	997.584541
915.458937	,	817.874396
921.256039	,	978.26087
978.26087	,	833.333333
884.057971	,	915.942029
953.623188	,	891.304348
888.405797	,	872.463768
995.721509	,	871.256321
855.698172	,	840.140023
879.035395	,	980.16336
910.151692	,	879.035395
972.384286	,	1034.616881
980.163361	,	902.372617
886.814469	,	972.384287
1034.61688	,	879.035395
855.698172	,	987.942435
1026.837806	,	1050.175029
894.593544	,	980.16336
1034.616881	,	995.721509
902.372617	,	941.26799
917.930766	,	855.698172
863.477246	,	840.140023
871.256321	,	980.16336
1011.279658	,	824.581875
832.360949	,	886.814469
902.372618	,	910.151692
801.244651	,	801.244652
793.465578	,	832.360949
956.826138	,	879.035394
964.605212	,	910.151692
832.360949	,	809.023727
857.50914	,	1009.468689
941.267989	,	863.477247
925.70984	,	917.930766
917.930767	,	910.151691
894.593544	,	964.605212
956.826138	,	902.372617
879.035395	,	925.709841
941.267989	,	949.047063
902.372618	,	925.70984
987.942435	,	879.035395
941.267989	,	1008.276935
967.607935	,	871.25632
933.488915	,	933.488915
964.605212	,	933.488915
863.477246	,	972.384286
960.202256	,	937.891871
886.814469	,	1019.058732
1011.279658	,	910.151692
886.814469	,	949.047063
949.047064	,	925.70984
894.593543	,	871.256321
964.605212	,	1026.837806
863.477246	,	894.593544
956.826137	,	1182.419293
731.232983	,	886.814469
925.70984	,	1073.512252
949.047064	,	816.8028
871.256321	,	949.047063
840.140024	,	925.70984
746.791132	,	910.151692
980.16336	,	855.698172
863.477247	,	956.826137
941.267989	,	910.151692
855.698172	,	840.140024
886.814469	,	871.25632
847.919098	,	832.360949
840.140023	,	949.047064
847.919097	,	871.256321
871.25632	,	941.267989
941.267989	,	855.698172
871.256321	,	886.814469
995.652174	,	873.913043
804.347826	,	869.565217
918.84058	,	933.333333
933.333333	,	910.144928
956.521739	,	1021.73913
956.521739	,	910.628019
850.241546	,	1043.478261
995.169082	,	896.135266
869.565217	,	978.26087
1033.816425	,	987.922705
945.410628	,	989.371981
1032.850242	,	1010.628019
1065.217391	,	760.869565
869.565217	,	893.719807
866.666667	,	826.570048
928.985507	,	962.318841
1000	,	869.565217
768.115942	,	862.318841
915.458937	,	932.36715
826.086957	,	819.323671
757.919622	,	730.969267
1061.352657	,	871.980676
975.845411	,	826.086957
886.956522	,	808.695652
891.304348	,	1000
934.782609	,	854.10628
928.502415	,	938.164251
931.400966	,	869.565217
891.304348	,	956.521739
951.207729	,	918.357488
881.642512	,	900.966184
673.913043	,	1217.391304
918.84058	,	950.724638
938.164251	,	909.661836
957.004831	,	999.516908
978.26087	,	869.565217
913.043478	,	913.043478
1015.458937	,	911.111111
899.516908	,	956.521739
956.521739	,	891.304348
918.357488	,	1016.425121
1028.019324	,	928.502415
847.826087	,	956.521739
934.782609	,	932.36715
871.980676	,	869.565217
1014.009662	,	985.990338
902.898551	,	879.710145
956.521739	,	978.26087
918.84058	,	888.888889
996.618357	,	1000
913.043478	,	847.826087
891.304348	,	928.985507
897.101449	,	814.009662
838.164251	,	895.169082
996.135266	,	847.826087
869.565217	,	934.782609
1040.57971	,	828.985507
815.458937	,	858.454106
869.565217	,	913.043478
826.086957	,	843.961353
851.690821	,	903.864734
900.483092	,	891.304348
804.347826	,	934.782609
935.748792	,	911.111111
827.05314	,	906.280193
770.128355	,	824.581875
793.465578	,	777.907429
785.686503	,	832.360949
840.140023	,	762.349281
762.34928	,	754.570206
739.012058	,	793.465577
793.465578	,	785.686503
824.581875	,	855.698172
871.25632	,	871.256321
777.907429	,	863.477246
871.256321	,	917.930766
863.477246	,	917.930766
879.035395	,	910.151692
801.244652	,	840.140023
840.140024	,	809.023726
746.791132	,	793.465577
840.140024	,	840.140023
894.593543	,	902.372618
871.256321	,	824.581874
785.783742	,	832.263711
824.581874	,	809.023727
809.023726	,	863.477246
902.372618	,	824.581874
855.698172	,	801.244652
840.140023	,	871.256321
777.907429	,	793.465578
832.360949	,	886.814469
840.140023	,	754.570206
832.360949	,	809.023726
855.698172	,	847.919098
863.477246	,	910.151692
933.488915	,	879.035395
886.814469	,	871.25632
840.140024	,	809.023726
793.465577	,	840.140024
886.814469	,	840.140023
941.267989	,	793.465578
700.116686	,	793.465578
847.919097	,	917.930766
762.349281	,	700.116686
855.698172	,	894.593543
855.698172	,	754.570206
731.232984	,	824.581874
855.698172	,	871.256321
809.023726	,	754.570206
840.140023	,	847.919098
832.360949	,	777.907429
746.791132	,	863.477246
902.372618	,	801.244652
746.791132	,	863.477246
925.70984	,	902.372618
824.581875	,	739.012057
894.593544	,	917.930766
871.25632	,	801.244652
746.791132	,	894.593544
902.372617	,	847.919098
739.012057	,	879.035395
902.372618	,	863.477246
847.919098	,	692.337612
840.140023	,	886.814469
917.930766	,	847.919098
754.570206	,	910.151692
894.593543	,	855.698172
847.919098	,	707.89576
894.593544	,	917.930766
840.140023	,	754.570206
847.919098	,	910.151692
871.25632	,	777.907429
723.453909	,	809.023727
754.570206	,	847.919097
746.791132	,	700.116686
731.232984	,	796.135266
790.821256	,	804.347826
782.608696	,	782.608696
826.086957	,	835.748792
772.94686	,	739.130435
754.589372	,	767.149758
788.405797	,	798.550725
804.347826	,	804.347826
859.42029	,	879.710145
847.826087	,	805.797101
844.444444	,	871.497585
913.043478	,	869.565217
901.449275	,	902.898551
869.565217	,	849.758454
822.222222	,	844.444444
787.922705	,	775.670675
769.739953	,	822.222222
888.888889	,	873.913043
913.043478	,	857.487923
816.425121	,	826.086957
804.347826	,	826.086957
815.942029	,	814.492754
852.173913	,	908.695652
826.086957	,	804.347826
826.086957	,	857.004831
860.386473	,	761.835749
844.444444	,	828.502415
869.565217	,	790.821256
817.874396	,	804.347826
826.086957	,	862.801932
832.850242	,	869.565217
897.584541	,	928.502415
891.304348	,	891.304348
869.565217	,	841.545894
810.628019	,	789.371981
862.801932	,	847.826087
869.565217	,	930.917874
773.522459	,	693.144208
800	,	888.888889
891.78744	,	760.869565
680.676329	,	862.801932
891.304348	,	826.086957
760.869565	,	747.826087
839.130435	,	849.758454
888.888889	,	761.352657
739.130435	,	826.086957
895.652174	,	843.478261
739.130435	,	772.94686
857.487923	,	891.304348
828.985507	,	733.333333
872.463768	,	913.043478
913.043478	,	790.338164
774.879227	,	891.78744
933.333333	,	870.531401
782.608696	,	739.130435
896.618357	,	907.729469
826.086957	,	755.072464
875.362319	,	902.415459
901.932367	,	804.347826
717.391304	,	847.826087
869.565217	,	925.603865
835.2657	,	742.512077
909.661836	,	891.304348
869.565217	,	804.347826
747.342995	,	904.830918
895.169082	,	865.700483
782.608696	,	804.347826
913.043478	,	869.565217
786.956522	,	711.111111
800	,	832.36715
782.608696	,	762.801932
711.111111	,	721.73913
863.477246	,	894.593544
902.372617	,	879.035395
855.698172	,	871.256321
925.70984	,	894.593543
879.035395	,	902.372618
886.814469	,	879.035395
855.698172	,	886.814469
886.814469	,	871.25632
894.593544	,	917.930766
925.70984	,	910.151692
925.709841	,	941.267989
925.709841	,	980.16336
964.605212	,	917.930766
879.035395	,	941.267989
933.488915	,	956.826138
980.16336	,	995.721509
925.709841	,	980.163361
980.16336	,	1003.500584
941.267989	,	980.16336
964.605212	,	917.930766
879.035395	,	910.151692
925.709841	,	886.814469
933.488915	,	910.151692
902.372617	,	902.372618
879.035395	,	840.140023
863.477246	,	917.930766
917.930767	,	902.372617
902.372618	,	917.930766
879.035395	,	910.151692
917.930766	,	925.709841
886.814469	,	910.151692
941.267989	,	871.25632
879.035395	,	886.814469
933.488915	,	770.128355
715.674834	,	871.256321
941.267989	,	832.360949
770.128355	,	894.593543
925.709841	,	917.930766
801.244652	,	762.34928
902.372618	,	917.930766
855.698172	,	793.465578
925.70984	,	933.488915
972.384286	,	886.814469
824.581875	,	886.814469
949.047064	,	886.814469
840.140023	,	847.919098
925.70984	,	886.814469
824.581875	,	739.012058
894.593543	,	894.593543
902.372618	,	809.023726
894.593544	,	917.930766
925.70984	,	847.919098
762.34928	,	863.477247
863.477246	,	840.140023
746.791132	,	746.791132
902.372618	,	956.826137
809.023726	,	801.244652
700.116686	,	832.360949
840.140024	,	855.698172
809.023726	,	684.558537
801.244652	,	847.919098
816.8028	,	739.012058
700.116686	,	840.140023
871.256321	,	785.686503
754.570206	,	739.012058
801.244652	,	824.581875
824.581874	,	762.349281
692.337612	,	832.360949
847.826087	,	891.304348
891.304348	,	903.864734
857.004831	,	898.550725
905.797101	,	891.304348
869.565217	,	891.304348
908.695652	,	873.913043
881.642512	,	879.227053
883.399209	,	877.470356
869.565217	,	934.782609
913.043478	,	909.178744
916.908213	,	971.980676
941.062802	,	956.521739
956.521739	,	891.304348
899.033816	,	927.05314
961.835749	,	951.207729
978.26087	,	978.26087
936.714976	,	976.328502
979.227053	,	999.033816
956.521739	,	1000
934.782609	,	891.304348
891.304348	,	913.043478
947.342995	,	900.483092
899.516908	,	948.309179
869.565217	,	891.304348
891.304348	,	843.961353
895.169082	,	882.608696
921.73913	,	891.304348
891.304348	,	917.874396
908.21256	,	891.304348
913.043478	,	931.884058
894.202899	,	928.019324
919.806763	,	847.826087
891.304348	,	896.618357
929.468599	,	717.391304
797.584541	,	876.328502
891.304348	,	847.826087
762.318841	,	888.888889
935.748792	,	886.47343
809.178744	,	760.869565
913.043478	,	916.908213
865.700483	,	804.347826
891.304348	,	971.980676
941.062802	,	881.15942
814.492754	,	913.043478
956.521739	,	871.497585
822.222222	,	893.236715
906.763285	,	897.584541
826.086957	,	739.130435
870.531401	,	911.111111
892.270531	,	841.062802
898.067633	,	901.932367
924.154589	,	820.999075
765.957447	,	866.666667
850.724638	,	860.386473
770.048309	,	741.062802
888.888889	,	913.52657
847.826087	,	782.608696
722.705314	,	820.772947
869.565217	,	820.772947
787.922705	,	717.391304
804.347826	,	847.826087
798.067633	,	767.149758
721.73913	,	821.73913
847.826087	,	804.347826
760.869565	,	695.652174
804.347826	,	842.995169
830.917874	,	769.082126
709.178744	,	782.608696
754.57	,	722.22
731.23	,	739.13
661.22	,	630.43
606.77	,	695.65
637.88	,	634.78
614.55	,	600
637.88	,	656.52
785.69	,	782.61
832.36	,	783.09
785.69	,	822.22
785.69	,	764.25
684.56	,	673.91
770.13	,	761.84
723.45	,	755.56
715.67	,	700
723.45	,	717.39
723.45	,	760.87
715.67	,	710.63
707.9	,	702.42
785.69	,	764.25
739.01	,	652.17
824.58	,	797.1
739.01	,	768.12
731.23	,	743
731.23	,	666.67
692.34	,	764.25
692.34	,	739.13
777.91	,	695.65
762.35	,	673.91
700.12	,	771.5
739.01	,	771.98
731.23	,	717.39
770.13	,	782.61
754.57	,	695.65
723.45	,	695.65
754.57	,	816.43
723.45	,	748.79
739.01	,	695.65
707.9	,	695.65
669	,	674.4
770.13	,	814.49
739.01	,	682.27
777.91	,	808.51
746.79	,	709.22
669	,	681.16
770.13	,	763.29
700.12	,	711.11
777.91	,	800
770.13	,	782.03
739.01	,	706.86
723.45	,	733.33
746.79	,	742.51
785.69	,	782.61
754.57	,	760.87
754.57	,	739.13
739.01	,	774.88
731.23	,	711.11
762.35	,	753.14
816.8	,	826.09
847.92	,	782.61
707.9	,	760.87
754.57	,	717.39
692.34	,	695.65
723.45	,	753.14
816.8	,	800
754.57	,	816.43
777.91	,	760.87
739.01	,	717.39
762.35	,	739.13
762.35	,	782.61
785.69	,	783.57
739.01	,	688.89
684.56	,	711.11
669	,	698.07
684.56	,	630.43
692.34	,	673.91
762.35	,	804.35
762.35	,	771.01
739.01	,	707.25
684.56	,	673.91
669	,	663.29
754.57	,	749.76
731.23	,	717.39
723.45	,	673.91
645.1	,	703.38
661.79	,	709.66
661.22	,	673.91
723.45	,	652.17
676.78	,	760.87
731.23	,	673.91
700.12	,	707.25
707.9	,	711.11
739.01	,	799.03
785.69	,	717.39
723.45	,	739.13
692.34	,	673.91
669	,	652.17
669	,	695.65
700.12	,	722.71
684.56	,	711.11
723.45	,	674.88
661.22	,	658.45
637.88	,	666.67
661.22	,	674.88
723.45	,	673.91
692.34	,	740.1
700.12	,	688.89
669	,	723.19
684.56	,	630.43
637.88	,	586.96
746.79	,	726.09
622.33	,	708.7
684.56	,	652.17
653.44	,	639.13
692.34	,	686.96
653.44	,	630.43
661.22	,	717.39
661.22	,	652.17
687.88	,	673.91
619.01	,	630.43
606.77	,	630.92
645.66	,	644.44
606.77	,	587.92
606.77	,	586.96
583.43	,	586.96
637.88	,	608.7
676.78	,	696.14
653.44	,	688.89
723.45	,	701.93
653.44	,	652.17
669	,	630.43
637.88	,	637.68
684.56	,	666.67
661.22	,	673.91
684.56	,	652.17
637.88	,	673.91
653.44	,	630.43
676.78	,	636.23
661.22	,	733.33
700.12	,	717.39
762.35	,	704.83
707.9	,	860.39
669	,	565.22
653.44	,	673.91
707.9	,	652.17
661.22	,	695.65
715.67	,	695.65
707.9	,	657
630.11	,	666.67
637.88	,	666.67
684.56	,	683.57
679.57	,	673.91
689.54	,	709.18
645.66	,	611.82
645.66	,	702.13
661.22	,	650.79
809.02	,	739.13
700.12	,	750.72
739.01	,	749.28
731.23	,	717.39
777.91	,	760.87
785.69	,	804.35
739.01	,	717.39
754.57	,	739.61
700.12	,	755.56
731.23	,	678.74
731.23	,	787.92
801.24	,	777.29
762.35	,	739.13
754.57	,	772.46
762.35	,	705.8
723.45	,	783.09
762.35	,	755.56
793.47	,	765.7
777.91	,	745.41
723.45	,	819.81
754.57	,	652.17
739.01	,	772.46
785.69	,	828.37
785.69	,	746.99
746.79	,	739.13
824.58	,	762.8
770.13	,	800
797.35	,	785.02
727.35	,	739.13
731.23	,	760.87
793.47	,	760.87
777.91	,	820.77
809.02	,	787.92
809.02	,	847.83
793.47	,	760.87
731.23	,	704.83
692.34	,	729.95
692.34	,	695.65
700.12	,	707.73
715.67	,	705.31
700.12	,	673.91
762.35	,	717.39
723.45	,	782.61
731.23	,	743
715.67	,	755.56
715.67	,	631.88
676.78	,	701.45
645.66	,	711.11
707.9	,	652.17
700.12	,	695.65
754.57	,	768.6
746.79	,	731.4
723.45	,	739.13
746.79	,	729.47
700.12	,	705.31
700.12	,	673.91
731.23	,	673.91
723.45	,	769.08
762.35	,	796.14
739.01	,	739.13
723.45	,	717.39
700.12	,	673.91
739.01	,	784.54
715.67	,	733.33
770.13	,	525.6
754.57	,	985.51
723.45	,	753.62
700.12	,	673.91
715.67	,	608.7
637.88	,	573.43
614.55	,	630.43
614.55	,	685.02
700.12	,	662.8
746.79	,	717.39
707.9	,	739.13
692.34	,	717.39
645.66	,	652.17
684.56	,	555.56
637.88	,	748.79
731.23	,	717.87
754.57	,	733.33
676.78	,	722.71
692.34	,	695.65
723.45	,	673.91
723.45	,	695.65
645.66	,	708.7
622.33	,	617.39
692.34	,	695.65
739.01	,	753.62
746.79	,	724.64
676.78	,	653.14
692.34	,	733.33
653.44	,	635.27
676.78	,	673.91
692.34	,	695.65
684.56	,	695.65
676.78	,	695.65
669	,	586.96
676.78	,	705.8
669	,	685.51
676.78	,	695.65
723.45	,	707.73
645.66	,	661.84
669	,	673.91
676.78	,	695.65
692.34	,	652.17
692.34	,	717.39
715.67	,	665.7
622.33	,	688.89
653.44	,	600
630.11	,	632.37
661.22	,	673.91
669	,	695.65
731.24	,	695.65
715.67	,	717.39
653.44	,	608.7
653.44	,	731.88
707.9	,	666.67
684.56	,	688.41
676.78	,	673.91
598.99	,	652.17
653.44	,	673.91
637.88	,	586.96
684.56	,	630.43
692.34	,	739.13
669	,	630.43
653.44	,	680.19
684.56	,	688.89
637.88	,	644.44
684.56	,	725.6
669	,	630.43
676.78	,	688.41
645.66	,	659.42
669	,	608.7
606.77	,	652.17
661.22	,	695.65
669	,	630.43
669	,	664.73
653.44	,	661.35
606.77	,	630.43
676.78	,	630.43
676.78	,	700
715.67	,	666.67
684.56	,	698.55
661.22	,	673.91
661.22	,	673.91
678.68	,	630.43
651.54	,	700.97
648.46	,	688.89
712.88	,	653.62
653.44	,	701.93
661.22	,	600
661.22	,	698.07
762.34928	,	731.232983
692.337612	,	653.442241
630.105017	,	676.779463
669.000389	,	746.791132
770.128355	,	777.907429
770.128355	,	700.116686
707.89576	,	676.779463
723.453909	,	777.907429
793.465578	,	816.8028
785.686504	,	785.686503
746.791132	,	676.779463
645.663166	,	630.105018
653.44224	,	746.791132
785.686503	,	847.919098
847.919097	,	809.023727
805.114741	,	742.921042
700.116687	,	653.44224
684.558537	,	661.221315
692.337612	,	746.791132
816.8028	,	824.581875
816.8028	,	790.42396
757.611824	,	723.453909
653.442241	,	653.44224
669.000389	,	669.000389
731.232983	,	785.686503
777.907429	,	762.349281
777.907429	,	746.791132
684.558537	,	676.779464
630.105017	,	637.884092
700.116686	,	731.232983
801.244652	,	886.814469
902.372618	,	863.477246
855.698172	,	801.244652
715.674835	,	692.337611
676.779464	,	653.44224
622.325943	,	676.779463
746.791132	,	777.907429
871.256321	,	840.140023
847.919098	,	832.360949
809.023726	,	723.453909
661.221315	,	637.884091
637.884092	,	661.221315
715.674835	,	809.023726
863.477246	,	785.686503
731.232984	,	739.012057
770.128355	,	793.465577
746.791132	,	700.116686
669.000389	,	692.337612
731.232983	,	715.674835
684.558538	,	661.221314
684.558538	,	661.221315
692.337611	,	669.000389
637.884092	,	645.663166
598.988721	,	653.44224
676.779463	,	692.337612
669.000389	,	645.663166
645.663166	,	645.663166
676.779463	,	692.337612
661.221315	,	653.44224
653.442241	,	661.221314
653.442241	,	676.779463
637.884092	,	653.44224
614.546869	,	622.325943
669.000389	,	700.116686
703.422793	,	626.798911
676.779463	,	653.442241
669.000389	,	715.674834
653.442241	,	669.000389
614.546868	,	653.442241
653.44224	,	692.337612
653.44224	,	661.221315
645.663166	,	669.000389
700.116686	,	731.232983
707.895761	,	676.779463
676.779463	,	676.779464
715.674834	,	731.232984
692.337611	,	676.779464
637.884091	,	661.221315
676.779463	,	723.453909
684.558538	,	676.779463
669.000389	,	700.116686
757.362894	,	627.31233
684.558537	,	661.221315
630.105018	,	776.811594
723.188406	,	673.913043
673.913043	,	652.173913
632.36715	,	711.111111
721.73913	,	767.149758
798.067633	,	739.130435
695.652174	,	695.652174
717.391304	,	731.884058
768.115942	,	782.608696
804.830918	,	800
800	,	725.603865
673.913043	,	652.173913
630.434783	,	673.913043
717.391304	,	793.236715
837.198068	,	851.690821
843.961353	,	782.608696
717.391304	,	717.391304
673.913043	,	664.7343
661.352657	,	695.652174
754.10628	,	811.111111
826.086957	,	804.347826
782.608696	,	753.623188
724.637681	,	675.362319
666.666667	,	636.231884
697.101449	,	733.333333
774.468085	,	736.643026
797.584541	,	760.869565
739.130435	,	702.415459
688.888889	,	630.434783
636.231884	,	688.888889
761.835749	,	782.608696
869.565217	,	897.101449
907.246377	,	804.347826
799.516908	,	743.961353
695.652174	,	673.913043
630.434783	,	633.816425
711.111111	,	720.289855
768.599034	,	883.574879
847.826087	,	826.086957
826.086957	,	794.202899
727.536232	,	673.913043
642.995169	,	661.352657
652.173913	,	695.652174
813.043478	,	860.869565
804.347826	,	717.391304
717.391304	,	788.888889
798.067633	,	739.130435
707.246377	,	684.057971
673.913043	,	739.130435
702.898551	,	710.144928
652.173913	,	673.913043
674.879227	,	688.888889
657.971014	,	652.173913
630.434783	,	608.695652
652.173913	,	687.439614
682.125604	,	652.173913
652.173913	,	635.748792
666.666667	,	675.845411
673.913043	,	673.913043
665.217391	,	660.869565
630.434783	,	673.913043
657.004831	,	666.666667
632.850242	,	611.594203
644.444444	,	678.743961
673.913043	,	673.913043
652.173913	,	654.589372
666.666667	,	700.483092
677.294686	,	666.666667
677.777778	,	630.434783
630.434783	,	652.173913
675.845411	,	666.666667
657.487923	,	653.623188
688.888889	,	679.227053
739.130435	,	695.652174
673.913043	,	678.743961
666.666667	,	719.806763
739.130435	,	674.396135
688.888889	,	666.666667
664.775414	,	659.574468
710.915819	,	675.845411
666.666667	,	700.966184
676.811594	,	733.333333
676.811594	,	678.743961
644.444444	,	655.072464
832.360949	,	770.128355
723.453909	,	692.337612
707.89576	,	692.337612
746.791132	,	801.244652
809.023726	,	809.023726
754.570206	,	700.116686
692.337612	,	661.221315
684.558537	,	723.453909
770.128355	,	809.023726
731.232983	,	731.232984
684.558537	,	676.779463
684.558538	,	715.674835
707.89576	,	754.570206
816.802801	,	762.34928
731.232983	,	700.116686
669.000389	,	684.558538
669.000389	,	669.000389
715.674835	,	754.570206
801.244652	,	793.465577
762.349281	,	707.89576
707.89576	,	669.000389
692.337612	,	676.779463
700.116687	,	770.128354
777.907429	,	801.244652
739.012058	,	715.674834
684.558538	,	645.663166
653.44224	,	645.663167
715.674834	,	746.791132
832.360949	,	871.256321
840.140023	,	793.465578
723.453909	,	715.674834
645.663166	,	676.779464
684.558537	,	762.349281
746.791131	,	816.802801
824.581875	,	840.140023
785.686503	,	762.349281
700.116686	,	715.674834
707.895761	,	739.012057
746.791132	,	777.907429
793.465578	,	739.012057
723.453909	,	762.349281
669.000389	,	653.44224
606.767795	,	661.221315
715.674834	,	700.116686
692.337612	,	661.221315
676.779463	,	692.337612
754.570206	,	762.34928
687.331778	,	658.448075
692.337612	,	715.674834
754.570206	,	692.337612
684.558538	,	653.44224
684.558538	,	676.779463
684.558537	,	676.779464
653.44224	,	606.767795
637.884091	,	676.779464
692.337611	,	645.663167
653.44224	,	630.105017
645.663167	,	653.44224
684.558537	,	661.221315
645.663166	,	645.663166
630.105018	,	622.325943
653.44224	,	645.663166
637.884092	,	630.105018
661.221314	,	653.442241
692.337612	,	706.795021
677.880202	,	645.663166
684.558538	,	676.779463
692.337612	,	700.116686
630.105018	,	653.44224
630.105017	,	692.337612
669.000389	,	661.221315
669.000389	,	653.44224
653.442241	,	669.000389
731.232983	,	692.337612
692.337611	,	684.558538
645.663166	,	676.779463
715.674835	,	661.221315
669.000389	,	645.663166
645.663166	,	676.779463
676.779463	,	684.558538
653.44224	,	669.000389
676.779463	,	707.895761
692.337612	,	723.453909
653.44224	,	653.44224
669.000389	,	782.608696
797.584541	,	724.154589
695.652174	,	695.652174
728.985507	,	733.333333
798.550725	,	782.608696
818.84058	,	746.376812
717.391304	,	673.913043
673.913043	,	673.913043
717.391304	,	774.879227
790.338164	,	742.995169
733.333333	,	697.584541
680.193237	,	688.888889
717.874396	,	717.391304
760.869565	,	760.869565
776.328502	,	745.410628
699.033816	,	688.888889
677.294686	,	652.173913
673.913043	,	717.391304
768.115942	,	775.362319
782.608696	,	775.362319
724.637681	,	695.652174
673.913043	,	673.913043
698.550725	,	711.111111
742.512077	,	804.347826
764.251208	,	777.777778
711.111111	,	674.704492
638.297872	,	651.248844
657.971014	,	711.111111
755.555556	,	853.623188
847.826087	,	831.884058
820.289855	,	717.391304
673.913043	,	673.913043
673.913043	,	695.652174
722.705314	,	777.777778
822.222222	,	829.468599
826.086957	,	782.608696
739.130435	,	717.391304
705.31401	,	729.468599
717.391304	,	775.362319
768.115942	,	760.869565
760.869565	,	732.36715
745.89372	,	673.913043
673.913043	,	617.391304
643.478261	,	695.652174
727.536232	,	685.507246
673.913043	,	673.913043
695.652174	,	739.130435
731.884058	,	702.898551
674.879227	,	711.111111
722.705314	,	717.391304
717.391304	,	652.173913
673.913043	,	652.173913
708.695652	,	682.608696
652.173913	,	665.217391
617.391304	,	652.173913
673.913043	,	652.173913
652.173913	,	641.062802
641.545894	,	652.173913
661.835749	,	685.990338
673.913043	,	630.434783
630.434783	,	630.434783
637.681159	,	666.666667
630.434783	,	636.231884
644.444444	,	632.36715
678.743961	,	711.111111
697.101449	,	652.173913
673.913043	,	673.913043
680.676329	,	688.888889
673.913043	,	659.42029
644.444444	,	652.657005
652.173913	,	695.652174
652.173913	,	652.173913
652.173913	,	665.217391
682.608696	,	717.391304
711.111111	,	680.193237
652.173913	,	673.913043
673.913043	,	697.584541
688.888889	,	657.004831
654.10628	,	666.666667
657.487923	,	673.913043
673.913043	,	652.173913
675.845411	,	666.666667
700.966184	,	695.652174
717.391304	,	663.768116
662.318841	,	673.913043
793.465578	,	801.244652
816.8028	,	863.477247
840.140023	,	801.244652
801.244652	,	871.25632
847.919098	,	824.581875
840.140023	,	832.360949
832.360949	,	754.570206
793.465578	,	809.023726
871.25632	,	809.023727
777.907429	,	816.8028
863.477246	,	910.151692
832.360949	,	785.686504
824.581874	,	840.140024
840.140023	,	777.907429
801.244652	,	832.360949
863.477246	,	863.477246
801.244652	,	793.465578
840.140023	,	855.698172
793.465578	,	785.686503
855.698172	,	879.035395
879.035394	,	777.907429
832.36095	,	840.140023
840.140023	,	801.244652
809.023726	,	871.256321
840.140023	,	801.244652
816.8028	,	871.256321
863.477246	,	832.360949
824.581875	,	879.035395
847.919097	,	777.907429
770.128355	,	832.360949
809.023726	,	785.686504
762.34928	,	801.244652
886.814469	,	871.256321
824.581874	,	855.698172
847.919098	,	801.244652
793.465577	,	785.686504
801.244652	,	770.128354
723.453909	,	614.546869
692.337612	,	863.477246
832.360949	,	762.349281
777.907429	,	847.919097
824.581875	,	832.360949
700.116686	,	692.337612
723.453909	,	762.34928
770.128355	,	723.453909
746.791132	,	762.34928
847.919098	,	801.244652
754.570206	,	770.128355
770.128355	,	793.465577
832.360949	,	770.128355
801.244652	,	770.128355
816.8028	,	871.256321
777.907429	,	739.012057
762.349281	,	809.023726
847.919097	,	793.465578
739.012058	,	832.360949
746.791131	,	840.140024
754.570206	,	715.674835
715.674834	,	770.128355
785.686503	,	739.012058
707.89576	,	669.000389
754.570206	,	785.686504
793.465577	,	762.349281
715.674834	,	746.791132
770.128355	,	801.244652
785.686503	,	754.570206
754.570206	,	816.802801
809.023726	,	816.802801
746.791131	,	793.465578
809.023726	,	809.023726
793.465578	,	754.570206
770.128355	,	770.128355
872.921042	,	721.789187
777.907429	,	770.128355
799.033816	,	809.661836
812.560386	,	883.091787
826.086957	,	804.347826
804.347826	,	882.125604
835.2657	,	809.178744
864.7343	,	826.086957
826.086957	,	771.980676
755.555556	,	842.028986
847.826087	,	843.478261
765.217391	,	804.347826
869.565217	,	894.202899
844.444444	,	783.091787
816.908213	,	878.743961
826.086957	,	761.835749
800	,	851.207729
847.826087	,	826.086957
808.21256	,	843.961353
826.086957	,	863.285024
788.888889	,	782.608696
847.826087	,	869.565217
888.888889	,	785.024155
837.198068	,	858.454106
804.347826	,	782.608696
826.086957	,	884.057971
855.072464	,	767.149758
863.285024	,	826.086957
869.565217	,	826.086957
826.086957	,	855.555556
861.835749	,	782.608696
800	,	808.695652
835.748792	,	772.94686
760.869565	,	804.347826
869.565217	,	881.15942
814.492754	,	852.173913
886.956522	,	782.608696
760.869565	,	804.347826
787.439614	,	777.777778
695.652174	,	630.434783
718.357488	,	866.666667
828.019324	,	760.869565
782.608696	,	806.280193
866.666667	,	805.31401
728.019324	,	685.024155
717.391304	,	775.362319
768.115942	,	717.391304
717.391304	,	782.608696
858.937198	,	793.236715
740.096618	,	777.777778
764.7343	,	826.086957
826.086957	,	760.869565
755.555556	,	809.661836
826.086957	,	853.140097
799.033816	,	739.130435
739.130435	,	804.347826
851.690821	,	800
717.874396	,	793.236715
815.458937	,	828.985507
755.555556	,	728.132388
716.312057	,	753.623188
782.608696	,	752.657005
682.125604	,	695.652174
739.130435	,	771.980676
814.975845	,	739.130435
739.130435	,	739.130435
767.63285	,	819.323671
760.869565	,	775.362319
768.115942	,	804.347826
804.347826	,	782.608696
773.913043	,	791.304348
808.695652	,	843.478261
782.608696	,	739.130435
760.869565	,	785.024155
822.222222	,	762.318841
771.014493	,	794.202899
739.012058	,	809.023726
894.593543	,	910.151692
871.256321	,	809.023726
770.128355	,	879.035395
824.581874	,	847.919098
809.023726	,	793.465578
847.919097	,	910.151692
863.477246	,	847.919098
847.919098	,	886.814469
894.593543	,	793.465578
801.244652	,	871.25632
879.035395	,	871.25632
855.698172	,	879.035395
863.477246	,	793.465578
847.919098	,	832.360949
871.25632	,	879.035395
777.907429	,	793.465577
832.36095	,	855.698171
809.023727	,	785.686503
863.477246	,	847.919098
879.035395	,	840.140023
917.930766	,	879.035395
879.035395	,	847.919097
840.140024	,	886.814469
871.25632	,	855.698172
824.581875	,	855.698172
863.477246	,	879.035395
816.8028	,	863.477247
863.477246	,	847.919097
824.581875	,	824.581875
824.581875	,	832.360949
809.023726	,	777.907429
847.919097	,	840.140024
879.035395	,	809.023726
816.8028	,	855.698172
801.244652	,	785.686503
754.570207	,	653.44224
669.000389	,	871.25632
863.477247	,	832.360949
762.34928	,	731.232983
824.581875	,	879.035395
770.128355	,	707.89576
700.116686	,	762.349281
762.34928	,	777.907429
715.674835	,	669.000389
723.453909	,	801.244652
801.244651	,	762.349281
707.89576	,	777.907429
840.140024	,	809.023726
801.244652	,	731.232983
762.34928	,	824.581875
809.023726	,	801.244652
715.674835	,	762.34928
762.349281	,	801.244652
770.128354	,	715.674835
746.791132	,	746.791132
754.570206	,	809.023726
692.337612	,	739.012057
700.116687	,	801.244651
785.686504	,	739.012057
770.128355	,	746.791132
754.570206	,	863.477246
707.895761	,	754.570206
700.116686	,	762.34928
754.570207	,	816.8028
731.232983	,	793.465578
770.128355	,	801.244651
785.686504	,	754.570206
723.453909	,	731.232983
754.570206	,	816.802801
707.89576	,	723.453909
723.453909	,	809.023726
826.246597	,	815.138079
762.34928	,	723.453909
728.954672	,	828.019324
888.888889	,	891.78744
863.768116	,	810.144928
804.347826	,	826.086957
848.309179	,	844.444444
807.246377	,	837.198068
836.714976	,	891.304348
869.565217	,	826.086957
887.439614	,	873.429952
859.903382	,	814.009662
830.434783	,	843.478261
891.304348	,	869.565217
826.086957	,	869.565217
855.555556	,	840.096618
826.570048	,	866.666667
850.241546	,	847.826087
790.821256	,	817.874396
847.826087	,	847.826087
797.584541	,	811.111111
826.086957	,	869.565217
848.792271	,	866.666667
893.236715	,	906.763285
875.845411	,	826.086957
869.565217	,	847.826087
869.565217	,	844.444444
844.444444	,	876.328502
879.227053	,	859.903382
804.347826	,	869.565217
869.565217	,	826.086957
837.198068	,	836.714976
829.951691	,	865.700483
760.869565	,	782.608696
826.086957	,	853.623188
885.507246	,	804.347826
843.478261	,	830.434783
804.347826	,	804.347826
717.391304	,	665.700483
682.125604	,	895.652174
865.217391	,	826.086957
760.869565	,	717.391304
808.21256	,	865.700483
782.608696	,	695.652174
700.483092	,	755.555556
804.830918	,	750.724638
721.985816	,	659.574468
685.106383	,	834.782609
809.661836	,	777.294686
739.130435	,	728.019324
837.198068	,	826.086957
739.130435	,	804.347826
748.792271	,	794.68599
827.536232	,	777.777778
720.772947	,	739.130435
804.347826	,	804.347826
739.130435	,	747.826087
752.173913	,	717.391304
797.101449	,	746.376812
739.130435	,	717.391304
717.391304	,	768.599034
818.357488	,	760.869565
731.884058	,	746.376812
786.956522	,	800
760.869565	,	739.130435
695.652174	,	760.869565
799.033816	,	766.183575
767.149758	,	754.589372
804.347826	,	782.608696
782.608696	,	742.512077
733.333333	,	719.806763
760.869565	,	785.990338
755.555556	,	697.584541
760.869565	,	804.347826
826.086957	,	800
743.478261	,	745.410628
886.81	,	733.33
754.57	,	785.51
754.57	,	747.83
793.47	,	795.65
754.57	,	782.61
707.9	,	688.41
700.12	,	702.9
762.35	,	760.87
855.7	,	826.09
801.24	,	826.09
731.23	,	706.28
669	,	706.76
692.34	,	695.65
832.36	,	842.03
933.49	,	918.84
863.48	,	847.83
754.57	,	760.87
754.57	,	739.13
863.48	,	869.57
917.93	,	908.21
879.04	,	852.66
754.57	,	791.79
731.23	,	729.95
731.23	,	739.13
832.36	,	826.09
894.59	,	891.3
886.81	,	857.97
801.24	,	815.94
707.9	,	695.65
692.34	,	710.63
715.67	,	745.89
777.91	,	760.87
739.01	,	717.39
723.45	,	739.13
692.34	,	703.38
754.57	,	731.4
894.59	,	913.04
871.26	,	822.22
816.8	,	873.43
731.23	,	748.79
700.12	,	685.99
723.45	,	695.65
770.13	,	804.35
809.02	,	782.61
746.79	,	764.73
700.12	,	733.33
715.67	,	675.85
801.24	,	804.35
933.49	,	942.03
840.14	,	797.1
770.13	,	804.35
809.02	,	782.61
847.92	,	847.83
855.7	,	857
739.01	,	838.65
692.34	,	608.7
700.12	,	730.43
746.79	,	660.87
715.67	,	688.89
793.47	,	835.27
840.14	,	826.09
785.69	,	695.65
707.9	,	776.33
692.34	,	680.19
762.35	,	826.09
793.47	,	565.22
739.01	,	928.5
723.45	,	745.41
684.56	,	652.17
746.79	,	739.13
809.02	,	818.84
723.45	,	724.64
684.56	,	673.91
707.9	,	739.13
816.8	,	795.65
956.83	,	943.48
824.58	,	847.83
746.79	,	742.03
785.69	,	822.22
902.37	,	870.53
910.15	,	891.3
762.35	,	782.61
739.01	,	722.22
832.36	,	843
886.81	,	891.3
840.14	,	843.48
731.23	,	743.48
707.9	,	695.65
770.13	,	760.87
902.37	,	891.3
863.48	,	847.83
754.57	,	771.98
731.23	,	728.02
793.47	,	805.31
894.59	,	911.11
832.36	,	800
739.01	,	733.81
707.9	,	728.03
723.45	,	717.39
770.13	,	776.33
801.24	,	810.63
731.23	,	722.71
707.9	,	711.11
700.12	,	696.62
770.13	,	770.05
840.14	,	833.1
832.36	,	811.35
731.7	,	733.33
707.43	,	721.74
746.79	,	767.15
816.8	,	819.81
762.35	,	739.13
707.9	,	729.95
700.12	,	704.83
731.23	,	739.13
809.02	,	782.61
832.36	,	782.61
754.57	,	804.35
715.67	,	697.58
754.57	,	777.78
824.58	,	844.44
847.92	,	832.37
762.35	,	739.13
707.9	,	717.39
715.67	,	717.39
770.13	,	760.87
847.92	,	855.07
754.57	,	753.62
715.67	,	717.39
739.01	,	751.21
793.47	,	792.27
809.02	,	826.09
700.12	,	673.91
661.22	,	652.17
653.44	,	655.56
692.34	,	711.11
793.47	,	785.51
871.26	,	881.16
746.79	,	749.28
700.12	,	717.39
707.9	,	673.91
777.91	,	792.75
816.8	,	815.94
777.91	,	739.13
715.67	,	717.39
692.34	,	727.54
886.81	,	885.99
777.91	,	739.13
700.12	,	652.17
676.78	,	733.33
684.56	,	657.97
707.9	,	697.58
840.14	,	888.89
809.02	,	800
824.58	,	830.92
902.37	,	791.3
739.01	,	717.39
707.9	,	699.52
777.91	,	800
847.92	,	844.44
731.23	,	786.47
739.01	,	717.39
759.4	,	695.65
790	,	782.61
722.09	,	760.87
746.79	,	745.89
770.13	,	797.58
770.13	,	760.87
785.69	,	739.13
707.9	,	746.86
793.47	,	796.62
785.69	,	760.87
723.45	,	739.13
793.47	,	747.83
809.02	,	817.39
723.45	,	782.61
715.67	,	695.65
700.12	,	682.13
762.35	,	774.4
871.26	,	826.09
855.7	,	888.89
879.04	,	822.22
746.79	,	755.56
754.57	,	766.18
793.47	,	811.59
770.13	,	799.26
840.14	,	775.69
754.57	,	818.18
746.79	,	727.27
847.92	,	852.77
785.69	,	771.98
707.9	,	728.02
816.8	,	783.09
917.93	,	933.33
847.92	,	827.05
832.36	,	637.68
754.57	,	828.99
723.45	,	755.56
793.47	,	763.29
832.36	,	804.35
707.9	,	739.13
770.13	,	739.13
832.36	,	865.22
785.69	,	786.96
731.23	,	724.15
785.69	,	797.58
879.04	,	913.04
847.92	,	826.09
816.8	,	818.84
832.36	,	811.59
645.66	,	704.83
653.44	,	673.91
754.57	,	732.37
840.14	,	832.85
754.57	,	739.13
709.01	,	782.61
807.91	,	760.87
765.12	,	695.65
697.34	,	718.36
715.67	,	511.11
840.14	,	1074.9
863.48	,	847.83
785.69	,	956.52
700.12	,	521.74
723.45	,	732.37
840.14	,	844.44
902.37	,	923.19
809.02	,	826.09
715.67	,	695.65
809.02	,	814.98
840.14	,	826.09
739.01	,	739.13
684.56	,	619.81
676.78	,	777.78
684.56	,	711.11
676.78	,	688.89
723.45	,	727.54
715.67	,	717.39
719	,	717.39
689.01	,	695.65
676.78	,	652.17
645.66	,	630.43
645.66	,	592.75
645.66	,	755.07
692.34	,	673.91
770.13	,	782.61
801.24	,	788.41
723.45	,	733.33
669	,	673.91
661.22	,	630.43
692.34	,	717.87
770.13	,	755.56
793.47	,	809.18
700.12	,	652.17
676.78	,	717.39
707.9	,	695.65
661.22	,	681.82
661.22	,	637.35
661.22	,	655.07
700.12	,	733.33
762.35	,	742.03
762.35	,	739.13
723.45	,	696.62
762.35	,	739.13
787.35	,	782.61
799.58	,	800
707.9	,	678.26
684.56	,	699.52
692.34	,	711.11