Millis
42138.000000
42873.000000
43625.000000
44377.000000
45097.000000
45864.000000
46665.000000
47384.000000
48136.000000
48887.000000
49559.000000
50343.000000
51111.000000
51862.000000
52650.000000
53350.000000
54134.000000
54885.000000
55653.000000
56389.000000
57204.000000
57860.000000
58628.000000
59459.000000
60227.000000
60963.000000
62434.000000
63202.000000
63986.000000
64770.000000
65522.000000
66289.000000
67057.000000
67857.000000
68656.000000
70192.000000
71631.000000
73199.000000
74063.000000
74830.000000
75534.000000
76253.000000
76957.000000
77645.000000
78349.000000
79037.000000
79756.000000
80540.000000
81292.000000
82027.000000
82667.000000
83371.000000
84075.000000
85339.000000
85994.000000
86698.000000
87465.000000
88185.000000
88921.000000
89657.000000
90345.000000
91032.000000
91704.000000
92473.000000
93271.000000
94007.000000
94727.000000
95414.000000
96199.000000
96918.000000
97446.000000
98437.000000
99173.000000
99861.000000
100469.000000
101492.000000
102724.000000
103284.000000
103924.000000
104611.000000
105267.000000
105987.000000
106723.000000
107458.000000
108114.000000
108658.000000
109394.000000
110129.000000
110849.000000
111569.000000
112272.000000
112944.000000
113648.000000
115008.000000
115711.000000
116319.000000
117023.000000
117759.000000
118494.000000
119150.000000
119870.000000
120509.000000
121181.000000
121885.000000
122589.000000
123276.000000
123868.000000
124572.000000
125260.000000
125947.000000
126651.000000
127307.000000
127994.000000
128682.000000
129354.000000
130074.000000
130730.000000
131401.000000
131993.000000
132633.000000
133304.000000
134008.000000
134712.000000
135432.000000
136056.000000
136775.000000
137431.000000
138103.000000
138791.000000
139446.000000
140118.000000
140710.000000
141350.000000
142085.000000
142725.000000
143413.000000
144084.000000
144724.000000
145444.000000
146084.000000
146756.000000
147411.000000
148019.000000
148675.000000
149378.000000
150019.000000
150674.000000
151330.000000
151970.000000
152593.000000
153297.000000
153953.000000
154657.000000
155344.000000
156016.000000
156656.000000
157360.000000
158032.000000
158687.000000
159391.000000
159983.000000
160686.000000
